objid,objclass,timetaken,A_u,t0_u,gamma_u,beta_u,t_rise_u,t_fall_u,A_g,t0_g,gamma_g,beta_g,t_rise_g,t_fall_g,A_r,t0_r,gamma_r,beta_r,t_rise_r,t_fall_r,A_i,t0_i,gamma_i,beta_i,t_rise_i,t_fall_i,A_z,t0_z,gamma_z,beta_z,t_rise_z,t_fall_z,A_Y,t0_Y,gamma_Y,beta_Y,t_rise_Y,t_fall_Y
87674,SNIa-91bg,0.10428567727406819,1.1240974000000001,659.0951757231715,1.0085033761466913,1.6468002973387764e-25,24.129129223188734,23.775503592038767,1.0969591696512002,653.5705896135845,12.752961341536409,0.01751054294596177,11.162883096374953,3.229933090488652,1.5148550235581404,760.1361089139773,1.0000000000000027,0.37407166058637686,9.509261115428146,99.99999999999999,2.6997350594517453,86.1842879039512,6.009009107903145,3.484409596544351e-35,48.31169798955868,3.8725978695885117,14.268059260009471,780.8832049748138,49.99999999999817,0.8428111829352601,1.0000000000000915,99.99999999999999,66.21605692150217,806.1598741365218,1.0000002186537147,0.33309317958873463,1.2445061608118595,17.93107761188951
72292,TDE,0.062216997146606445,20.682613587673703,-5.965378008682488,36.59304987626077,3.741318606829582e-10,9.611054660657933,72.04349621535091,19.712156006770332,45.4967794907877,49.99999999999956,0.1669514438966568,6.406268154948227,72.75855290446141,16.066434566085405,47.36605453865749,44.14615215758367,8.566876525609491e-19,7.106394577524274,59.22025614018171,14.29101267484991,48.758414494327646,49.99999999999999,0.11400943614185902,5.966647666691419,60.94455394721232,5.508683093253709,621.4760032756598,1.0007266227395253,0.011297330921136686,99.99999999999999,99.99999999999957,30.91225062413702,77.28405980348533,1.0000000007306318,3.6727087039013525e-11,9.098691618796416,20.420214013267753
180621,SNIa-91bg,0.03692046801249186,20.501221187371623,6.38883677972582,22.250937494278112,0.9261944317612935,1.0000000000000002,28.569305004458073,7.32064690101869,135.23717049628002,49.99999999974648,1.5051249559716899e-18,2.2111151704237844,99.99999999999999,27.53016253155273,447.9446979686958,20.433667932863198,0.8220968523635446,2.8802196552611665,99.99999999999999,38.759908138509466,448.4722603569329,7.693655972651793,7.478823056203577e-25,2.466198027681733,16.304430805917878,63.841238886953114,449.36872596102944,26.789906431017325,0.6186813627233675,2.708834679304401,72.96370750553999,245.28990652112736,445.56236507672384,1.0000000000000002,0.3824413718927773,1.0000000000000002,20.457373509258705
293369,SNII,0.10704549153645833,103.589734999968,417.77796753709515,21.86855989513452,0.9326092402733117,1.2976886348056549,68.69419292714439,36.815644977734195,461.51188936057326,20.410825277411185,0.7319638118716675,1.0000000009796184,58.190106797552936,13.636633005351252,461.5785097523933,26.830458991067353,0.28217033134089586,1.0000000027885902,5.5165861616693945,12.701792885429091,464.3433316356447,49.99999999998317,1.1430622896482893e-13,2.6587606243962565,75.83168517225738,9.254910767525287,246.82002447622293,25.788426488049268,0.10057227900598659,5.970521349787111,99.99999999998464,339.6854031901303,664.0986500572326,49.99999005074402,0.8600822015262447,36.9189150637764,9.465139513500278
45760,SNIbc,0.08898572127024333,0.7614896405091793,272.6282828033693,17.40988012283991,5.352262691597791e-10,17.21575594560719,3.1879084269357594,0.6600863784022925,618.3319839600708,10.23019291576334,2.0854630756061758e-17,7.03979797705356,6.008517113793747,6.75771265659355,688.9509069491355,27.612968046889875,1.2775776500631565e-13,62.63217307897603,3.1885760278820383,7.426352390870761,673.2239197926532,44.16839327986085,0.04237752141758961,8.76591780465247,2.5680517428364267,14.887127040743689,853.6683386312592,11.082914517785143,9.317129198283318e-11,15.996313211350477,5.835100665333298,68.46286596471374,686.4805513545907,7.9830523979628785,5.7614653231214074e-11,59.73113256877484,7.695647777877786
281685,TDE,0.1173176368077596,9.012178868851551,204.51187514603637,49.99999999404345,0.1900394934140035,97.2519115047712,6.770445360274756,53.903887981518,-9.491380827260386,8.36830072506144,0.7823934896455067,1.0000000000000002,50.91549831092583,8.40592346543626,-1.4056768672504827,5.661148499698716,1.517988156067089e-35,1.0036758484348483,45.844014757518075,4.700718271799183,-11.37659936931891,25.28336397308269,1.1603426395062712e-12,6.846529465623927,38.322197700982464,163.53018561837638,719.4107212033902,1.0000000000000002,0.7745174021425052,3.5220869151992,10.219655044046034,20.397951940654746,52.36130204275439,14.027760030488539,0.9999999999999456,1.000000568171073,2.947223137627594
254624,SNIa,0.10591304302215576,3.3512877111280464,289.6410813971383,34.3945316788103,0.07735251437176707,99.99637442288977,3.088010404032054,3.436245102904556,327.07968122405117,49.999999994297376,8.497475921202384e-11,85.82954630022195,23.428144480497647,12.84321573505652,0.74396796946789,6.962655590296642,0.6653308940384682,1.0000426829455156,27.93945355204759,19.458501331162118,-4.571870560424705,20.792966459257038,5.835572199957705e-06,1.8937787622689577,15.2486750993054,22.335596416193617,-2.8178657418180952,26.526722474792724,8.673398172802707e-07,2.1244223485188716,22.115097225215838,23.708529932792434,0.8098764203212339,21.943692328318587,0.011880020355333679,1.0000004706802077,23.945139472716953
222755,SLSN-I,0.09352636337280273,0.6668000013797969,711.6432500061333,5.079339623840378,0.13815625889863792,9.11736789160524,3.6517797245663806,3.9226740349585554,59.01053768538931,49.97515738841084,0.5480429316386454,1.0000000000000002,5.9613491880335365,6.396502730672783,55.657497077503116,49.999998212244286,0.2871862979715728,14.514657931450357,4.1794485231909535,14.47557040763007,74.33287539800342,41.15244580074469,0.4907305703005321,18.07911754527957,5.743581829648694,8.874423185791786,56.29780639271333,49.999998687872456,2.2819203907594404e-12,7.135685197726927,4.343484303383421,13.54473086876562,60.48211397228351,47.55905343938154,0.5301183406502105,1.0000000000000002,5.4545318585399665
74537,SNIax,0.08406229813893636,24.08719341767044,502.58306700389596,49.606161852768714,0.0002046578150420923,2.548187840668431,8.255896620119263,21.749216543568394,729.9366490688194,1.0000000000000002,0.4671306506949927,2.0436373993349966,11.012539547576957,16.571614356527164,26.39397701148583,3.9705370566953944,0.9818714143880446,10.01328001778178,2.097593116074335,35.4810976911066,10.286896031120293,1.0002034266752853,0.01471272831947962,9.963546645481195,9.794043774679228,16.82424952139428,-19.739840261152118,12.974313623833691,2.3479833040801796e-05,1.0041732247456752,41.40128151589474,99.79926999999999,7.566537027044004,24.850336742873644,0.861798469349458,1.0000000104002764,98.90369280612188
3373,SNIa-91bg,0.03234684467315674,7.330675327083697,3.396701204674257,1.0000027640664781,0.9999999999629466,1.0000011693682214,11.312515971463824,0.6294554550013323,648.2390626149777,10.799049814732836,4.1110821079595205e-06,10.141078298777703,3.8092069296151596,13.954915276655004,405.9401494743755,1.0001485912621966,0.06854941268801099,9.437489575054324,6.763177762712425,18.093137429940832,387.3162543727674,18.378426998033706,5.453247662396294e-12,1.0000000013817476,25.654753157407594,30.710232968922067,399.50921881760326,11.150197528916769,5.735515044714397e-23,1.0002633295614232,23.90716918869468,35.830260662219196,394.39965960733156,19.069493351826715,2.215817974169638e-23,2.9607193143927444,24.687739138879625
220724,SNIax,0.031020243962605793,28.322659996755306,105.1671307845933,49.99999999999954,1.4471837377046247e-16,6.89838187326811,60.06176804714117,3.072438000001214,374.2163763817227,26.84384643689222,0.07800969014397172,2.406586539996883,2.37917519469754,29.485918714409365,371.58072043643824,10.420364920662504,7.501928555963165e-18,2.8181805465012606,24.327882986126813,29.037886966286667,375.2105936575666,14.153565335629139,8.161782659192737e-19,4.558689971235353,33.45141523904507,28.174750666478545,370.8527366376911,13.882002915354658,1.5800563146228894e-09,1.316835424082019,35.834031790201905,24.070283756589,370.41571616916247,9.261396837542245,3.1204088010884134e-11,1.0000000000015055,51.78659317245599
289333,SNII,0.06865151723225911,29.447080557664332,410.4135289201531,13.437364437987542,3.033991064092147e-08,2.1459723572210705,7.20648602403304,30.92546375910146,478.11972199892756,25.6572264188629,0.8866788362599836,1.0000000000000002,49.942758041108526,26.617598057534533,487.0470393646882,9.929680868895458,0.5225654110269184,3.259340237782067,90.83925132834896,18.519532966815156,486.70047041854826,49.99999999953236,0.885538768503626,4.540270461574873,99.99999999665224,2.8407650248987064,417.76808083146386,1.000001744866167,0.1102170774355025,31.35650370164359,99.99999981662307,15.002908972344132,483.7293231989575,21.610252552789305,6.353724249558064e-07,2.7486733607585387,4.160624288976313
86613,SNIax,0.07942227522532146,2.5384040977695284,649.345547734096,28.516543998471036,6.56357166102321e-05,24.8528238869968,3.023099096601856,1.8112275064495513,60.03193913958346,16.09276783555062,0.10763346355360279,1.0012651055808417,7.095257253489786,5.69778549090961,59.97507853942936,22.086887867874566,0.7878181815444304,1.000004517349833,99.9555472391074,22.217876334212423,75.96550188614333,10.45620901480462,0.8777237155462286,3.3753222931916964,42.27568964641559,5.607955305185541,502.18449220074046,11.165670346193057,0.5919359478712275,1.0000000000000002,99.99999991488339,15.259214130040615,128.10687901374177,49.995831853705646,0.13141297568536425,31.841736726044193,99.99999997625318
146387,SNIbc,0.02539209524790446,5.511856400822981,319.0073679803463,49.9999984726489,0.3899748966955303,99.99999999999669,16.67549829904095,2.1968117078652645,471.74548091808606,13.039139298972175,0.0001708540743024338,2.791443664486467,13.209756876559405,34.13998499999999,37.89347587123002,1.0000000000002065,0.39356760908567556,2.1688704456502808,9.327122205005875,16.05400875097012,47.76430865152179,1.0000000000000602,0.212268922334031,6.420318394491943,23.34949382328116,8.965629641427858,29.159305752272576,20.45823134751192,9.999139043464423e-17,1.00000000000025,27.282766183902147,43.356936630168036,33.48287909815805,11.52998871698031,0.8157780254386406,1.0000000000000002,77.98948922591651
227152,AGN,0.024935285250345867,19.789283035987665,380.87333677788143,49.99987556158857,0.07164894476349154,15.986597586374579,99.99999938086115,13.41237052056196,440.4619387547275,8.563104413805119,5.075657117912747e-08,5.135906412895829,99.99999999977373,14.097923866834005,453.57722394468874,1.0000000000048888,0.10526286759357349,6.793595428623975,99.99999999999999,35.90921257923317,595.5724905639735,1.0062570125873331,0.017873735897678055,48.85032629121225,99.99999999999999,9.249395951906145,434.28660682208016,46.23229380669854,1.3080101882461366e-14,1.0000000000000226,99.99999999999999,12.777630679535621,416.5541559209819,49.999997672312006,4.054668549392952e-18,1.000000000005271,99.99999999999999
286164,SNIa-91bg,0.08864200115203857,1.1100594090051308,87.51103485506968,49.99981883136303,1.4080753636970902e-26,1.0000196984686536,99.9999999376679,19.648084999989216,390.39785161713024,1.0000000000000755,0.5006536262928402,1.737555173565213,11.970931182113565,9.110241399962435,692.5302675609056,24.453893616100938,5.6289315313374007e-08,19.95421984197733,2.9964089631574646,24.07780818747412,40.59158762498048,9.798338466336428,0.6894428248495182,1.8850435887572445,22.01377548976211,22.21000283214167,34.50629388913196,17.900394929357983,7.534731078415734e-18,2.9468124882842357,24.185084629472428,54.719786516807396,47.235815729139496,1.000000000359628,1.0561228713881217e-13,8.646565567011587,12.000731701188617
119137,SNII,0.05504870414733887,1.2473032868145446,57.94930786281412,29.683914172995365,0.9996981086186001,1.000000000533122,9.263332534376712,1.9976688940581806,388.91982227138885,1.299395417015825,0.0005137583922711594,96.45257283058376,31.512709771447888,34.40624603506194,694.4353918004649,43.2223513135945,0.4896398346883747,1.2793031438752631,1.039278727314029,45.8051481539417,604.1056282000961,49.90716849586648,0.08137276433769264,29.980952358672376,62.335090132207405,12.691397018358582,787.2216712178586,1.0000049309063157,0.048327010577156125,34.8330816050875,99.99999999999999,13.801992553596858,741.8495001954382,1.0376900527305002,1.0986345500307743e-37,48.50051982643512,99.9999434438574
179435,SNIa,0.024200956026713055,38.069346467196915,-1.0952710548573708,1.0000000000000002,0.5516801497905633,99.98045110210997,14.031763416827411,9.879786249166136,-0.6057484186810524,45.196110218872064,0.9999999999005775,1.1712301192515029,7.164652460038901,47.454473826377445,-1.1202252074355443,23.65086030147729,0.14680771390851927,2.8340465840691516,18.900499445557887,55.14011694089814,-1.018105124024292,30.030071528389314,0.28192283552811176,2.426937091270253,26.723977982385037,106.85995403143389,8.31374634620355,1.0000000000843328,7.520032658310821e-13,11.60325344101888,29.70246676430485,95.09761642157532,9.257370150076886,14.329985178322822,7.2756584114305e-09,21.15653939272236,30.30647871484618
166795,SNIbc,0.03529826800028483,2.026122487999178,190.64903820712152,34.65220766417334,0.3169483059101093,6.123801375750059,6.585979150700583,7.541879584792099,117.51038108688378,49.47293693234815,0.0016327839812556692,1.0000000802785658,7.984884781382095,5.130442541738847,105.14883954136474,25.153453174654206,4.174717078384647e-14,3.3345325238989143,4.3400646796684175,6.476346686028791,102.51148567684561,24.038700015794532,1.8121722954179316e-12,3.702557962173797,4.3518869791083485,13.913001321790588,110.54746736544969,38.96828884397933,0.9998613486947645,4.067334071818424,18.337163941796813,15.24837020029424,108.6924318447299,49.98312721249472,8.885694192718154e-15,5.249593857853225,63.85102236418292
54015,SNII,0.05369619528452555,1.6689553897651597,672.6821998951463,3.8829809479165873,0.09833266954446945,34.05675966824963,3.937779016478581,35.557836743924774,823.1030496871273,1.0000000000041038,0.39504598751947045,1.0000000000013507,10.61291473184598,8.801506377861681,819.1923892553722,36.37227011939604,0.6263587325575756,1.0000000160542477,99.99999999916535,10.54882120128167,818.6740750489985,43.12797947857312,0.6789755318599371,1.000005922945799,5.0872349004346,6.277970354885227,821.9446221347981,40.730622178414386,3.418634422627451e-19,3.039182600217596,3.9359739445620705,38.96704562538228,103.19695279874229,1.0000000000067537,0.9360991865331675,1.5460500373257597,30.87796702674122
69795,AGN,0.11395617326100667,4.091182342264897,311.1972359997515,3.3558858236062905,2.5886605606073393e-07,1.0165183748151796,76.37096822233433,3.2450942999731525,46.634499384350306,49.19203286920274,0.433099402591397,1.0000103664758755,4.041616186608345,4.263420371149004,436.61609405192456,49.91109640351732,0.6114359155563119,39.59129449655762,4.288177820114738,4.048155336914243,48.83138649560528,47.03974096215184,0.513694618012913,1.0000000000287512,3.88307126628747,28.05524837793356,0.35378923410960644,1.0001141485605791,0.8099126921727573,28.41154681269429,31.885551810043694,6.113083600876772,419.51187398851954,49.882741647085496,0.0008859534307205134,34.19775993842578,4.2828380952195015
264136,SNIa-91bg,0.17398536205291748,1.4447124747447424,370.62712988361915,19.886819641377187,0.11491866613072423,99.99084179697503,3.699960325470515,29.911239995089307,121.33828237079211,1.0000000000178297,0.3881497096699672,1.3706741543789067,6.433210523248386,8.267318364006073,202.82466197836965,7.907178290130504,0.27970342140473153,15.249151167015528,99.99999999999999,38.113730401018266,485.17978950912624,49.99999981217466,0.7689975919940739,2.5540200575075795,99.99999986791062,27.838282243938302,363.81268353661056,1.000000015987561,0.5699600480971705,27.481838383511434,99.99999999999133,42.20914896171936,362.0735464510784,1.0000000007670933,0.584994747697804,30.904655173127708,99.99999999999999
146621,SNIbc,0.028580586115519207,2.74027383183099,118.55547560768612,49.855835041862484,4.438132978638325e-19,1.0000000000000002,99.99961796146103,3.744136329425677,80.99930236221098,26.401659498526694,2.5177383708699862e-14,7.24447882770669,6.254739322313781,15.645297707975057,89.79437090586507,4.6526472332119075,1.7568070983248854e-09,3.4244931971737254,11.99898850857815,16.5686272335636,88.58265824601484,9.611112939802826,1.1288782209845404e-10,5.396620662269377,21.512215578352635,32.01461565187615,98.59579829086485,4.685973476417853,1.2989158655215208e-10,8.392178022978035,10.536945960601571,12.34033536483402,84.09672024041964,49.99999999999995,0.05858489079772134,4.895224648423452,77.01146493972264
272103,AGN,0.09610990683237712,47.43791225967777,9.877376288549678,49.99999975677644,0.9999402547906692,2.4200229782405773,1.86954968641214,40.77083867954371,107.73989059334761,1.0007252681206704,6.477622323137217e-34,31.5384305258753,5.107465275353733,43.73427756759926,106.585684846386,1.0105270237137816,4.72704587492273e-34,31.1829065221515,7.65052243722259,21.424571278655144,59.192637401976086,49.999999994126775,1.759039376775478e-08,18.475619135094973,5.931148545493052,63.564075807496764,107.12007328165548,1.0067192577753004,1.213105100587284e-35,31.584190896800326,9.310990863523461,64.69039995659608,106.34460898738804,1.0000000002176708,9.381592707922338e-19,22.26401108894391,7.56858720762078
95944,SNIa,0.10605275630950928,7.827281823563306,586.429787721451,9.092638901312753,8.786509287174281e-11,91.72176689911834,29.23598037613836,12.045039771194391,382.73505235905765,1.0000000000000007,1.1988024503072765e-14,1.0000000000000102,12.698482936257534,19.275618523697542,382.14299223230614,23.142059706567522,2.583474454436316e-10,1.0000000000000002,12.153594749295419,46.80819137942141,381.6105168379817,23.104519144305954,0.13302706779674317,3.0711896595547805,17.682782525144756,39.66001894588865,383.7194841951174,35.65174898798011,0.4101084860333089,3.9870839698498863,27.308934937487294,38.28364058130923,377.61302214802464,28.803442518853796,4.290343750419741e-14,3.840783920023419,28.946178356894272
275926,SLSN-I,0.032509684562683105,6.558323852370056,719.5104977692674,23.068021678364055,0.00579024907627072,20.55267643116857,11.961939221677746,3.4035591895223947,439.05309896511744,49.999258285893745,0.10622543416739727,22.485371756801435,4.219073862651003,7.169815777847741,438.60423678917516,49.9999999999913,5.986744917013549e-10,10.155248898264949,6.79066082982755,15.616770357881222,457.1190043720342,49.99999999738937,5.537012215781199e-12,20.47359277729437,88.62816503248459,25.15656751300003,464.11553801434746,23.375664773232458,4.96793823532179e-13,18.998738544836783,99.99999999999999,34.65803299732835,493.1064535158794,1.0000136395984853,0.07559366142436795,17.18390908957134,99.99989448547862
204227,AGN,0.08111520608266194,1.0450121554407568,5.219688855920668,1.3436328253036178,0.5601876359577885,2.0549392415414705,11.52033451554286,0.6191617480774646,-220.29987747854466,4.110176781704098,0.961232657385148,4.592774195682736,1.7467707127940484,0.12583851310496239,-264.0032893229505,9.852501808847144,0.9919840829288715,59.176445281186176,3.2781542816626494,0.15330515877652118,-197.97916354877594,3.8419334823178097,0.9763248992803335,18.17360675121926,3.220703056570599,2.096293556447455,593.2669880911872,32.518284138021436,2.634351053163964e-17,7.4164067289023325,6.319809199894723,1.7618497682320982,-228.0055434384638,9.295974842731077,0.94226077990516,13.212471017775572,2.3740824927009303
269116,SNIbc,0.0320125420888265,10.74528062758375,3.8714105438398727,1.0000000000039233,0.8654405091129245,1.0000000000000389,99.99999999892107,1.3077710615599287,722.7188736980904,11.194568563632703,1.9616160016017093e-10,1.585622635722644,20.828628908538864,5.306902311984159,763.0013338879396,13.632374579683681,1.0373588047294124e-09,2.3581278106819594,29.93146629285372,9.800210152307763,770.37031970827,15.85269969449935,8.847670719525677e-25,3.4603076093834946,32.86638481414558,7.077848790397332,758.0608417860074,38.90421748088789,9.058920463453317e-11,6.2278309066403965,66.22488777638087,35.123623476003424,789.4545021076842,38.66750994059309,0.9999999999999999,1.000144229281557,3.391661030717869
299008,TDE,0.10050396124521892,23.13021514277308,3.503502823943146,1.000000000000512,0.5411843278653201,1.9733539843153047,99.99999999999999,20.457186175979636,-56.833592581098834,7.07121582293733,0.13465897226776158,1.230147672863587,90.78153679617488,9.465856461598381,9.26446606919102,1.0000000038225736,0.07074443087214866,99.9999999998125,99.99999999953586,29.510804998315777,-4.010362075646009,5.741841052200296,0.8594749400275009,11.715096423097124,99.99999999999999,4.477861153064136,57.173115021648215,26.011058944118815,0.5669609252175214,29.54888908342585,78.25483715245157,3.449300800000001,257.2373035665275,19.76110820309946,0.08304205566669746,99.99705640996133,4.69380419407894
220372,AGN,0.17304293314615884,56.11244157958105,822.8792000000029,49.99999999999999,8.63556266923721e-16,82.16442517954434,99.99999999999999,35.739613174570586,842.8047000000005,48.33676677541588,0.059629766939941445,99.99999999999999,99.99999999999999,30.66344816655716,714.2994176672067,36.35675200274935,0.19665819059645182,90.35588941736319,99.79298282681795,30.60999819789468,-0.24498884973297924,7.037655229540654,8.499511864126843e-09,1.0135527221266019,23.217199331432052,165.28487943996197,9.35849654452274,1.0000000020382058,0.34592152704310913,2.752689951282833,12.263435677085596,45.60172717055238,674.0392773508039,45.45456097300619,0.10438039838137053,97.47677390414394,93.67940210360005
193118,SNIa,0.021164973576863606,37.69711467418535,446.8326516451732,49.99999999948645,3.5917718096624316e-12,1.000000000836929,48.22775871820783,1.103837800000202,606.7659036078575,12.943434542736403,0.07117534878433826,66.23625135884778,4.720666347861879,20.944288759101564,831.7688183365515,30.848022857889163,0.6736884120629294,3.144760985372096,34.87385359635032,24.977329050458657,828.6115911984108,27.65940938707001,0.01977571284304112,2.512232645817291,21.382485406878192,44.65289614017954,834.4448530744953,1.0000000000051354,4.582133500697727e-21,7.528473302361616,44.389883338507396,31.249688510655538,827.9404388493687,14.415657346220264,5.542244651324357e-16,4.599333344961147,54.233785025764135
3763,SNIbc,0.28088831901550293,5.43559865973369,652.5850552328657,45.625414709620664,8.338715816068097e-11,95.91859210320894,11.801040157936782,2.401990133934055,715.5358521473175,49.37377693239528,0.33498061133174767,99.97957815590772,3.9332572861375996,9.288428117022411,320.119144020969,45.15691774758024,0.04387560317089785,61.45197277319488,59.67646711801294,17.43197080439416,320.12072991759845,49.73232926132936,1.6340263312453933e-05,1.0467120303564172,43.60769239211937,31.306237080668478,324.4973607327595,46.58776175847716,0.028798565693532008,64.5696866538212,54.08322414176929,36.51337162339299,345.9553076249364,49.71467413739245,0.35374137140424444,2.515949791296351,36.452059865978356
254672,SNII,0.16265523433685303,0.8480924121557164,625.5562469374132,10.330879741602642,5.3606362647668425e-17,14.492328316101595,3.3043851267455837,17.34785997245594,734.3450394548041,1.0000000070748212,0.47216183957982666,3.742641624534833,5.382737305368566,3.6623312269659483,307.0063626178349,44.35850069567601,0.047476106054406594,42.75617372404905,84.59676713859719,26.22401952942498,375.3780327064735,14.686619353835791,0.38779346339841564,25.39666461675156,82.96348292070292,48.51677866406692,379.16411968944414,1.000082859056436,0.03627175179395933,36.28008614196135,95.83494416174533,74.6975845256087,447.5116700629215,1.0008559458770732,0.019251414300957614,51.11818595186911,99.99999997451326
214524,SLSN-I,0.109915296236674,8.2704779994563,763.0204189751547,1.0000000000012488,2.0535878903302476e-29,99.99999999999999,37.058173965390154,15.193995536432428,806.0800082203544,49.99942385886273,0.16281507586862604,28.726214986057915,94.13532595542682,42.76257760777587,814.7489634789861,49.99998924392115,0.24166865269885898,27.364835158728667,99.99991170351039,61.968625073581165,817.8665479770515,49.99999646889445,0.21271309580320805,28.9793293997793,99.9999819978211,72.27832219117379,823.8077289269653,49.99992115006669,0.14168906135915638,33.40335086215499,99.9775767928858,69.8145817754684,812.4772281704145,49.999999998843705,0.13108481959102902,21.1436216841739,89.75187245633646
159319,SNIax,0.07436947027842204,1.1842222387563015,-177.7907134733404,5.890523637375267,0.012761879168727647,1.0138847713462695,3.819708077476731,19.785031809145618,736.5561095177125,1.0000212327536904,0.6802688554467934,2.126047698084943,1.3972873080265877,36.14574999999989,554.7153881147477,49.999999999998074,2.0377561893510487e-12,18.51720737501599,68.8122381242228,19.190058424308255,667.1556385123585,49.8520834691549,3.760037450920157e-06,1.506037143912117,50.4691771363876,45.81799750896052,667.3735587133909,49.98950210745516,7.292973086186133e-09,60.86329069134893,37.62189544718634,64.89567733430722,717.8831398554519,1.0006871362276044,1.072534819145782e-37,24.516463659846647,32.97778325104462
218669,SNIbc,0.03397695223490397,1.3336110061146325,596.1292837550714,7.765562962130501,1.8853965453434656e-13,2.7981043457201666,99.99999937938914,3.8134208053215173,285.23717919986973,1.951696608899081,0.00032231642440612175,1.1726962818571902,99.99999999999999,8.416972816109347,758.6607345623119,39.22916880041452,0.5455010160337624,1.3229929975928423,15.388990286952852,10.21705453635908,758.3973206837047,38.72889600524242,0.280660479959228,1.03209876670916,20.361181191760974,10.964735111360739,758.6015368222479,21.11035153722195,1.4794567830031635e-12,1.227135382271921,47.77056885342703,15.964186092210113,769.4989126456464,42.11586968566977,0.2944618810512374,1.064037206374773,42.690971134135054
68454,SNIax,0.02092750867207845,17.797219706116984,17.936291739694063,1.0001349047078452,1.923493903264106e-27,1.154224747510566,10.485584213264197,43.330407798712756,47.67881386564091,26.899867180294475,0.9185657971359124,3.006672600420358,71.75441989565527,51.74389157780019,49.64925002853649,21.62638390636263,0.7127399057276669,3.0786096769477234,33.47927344334725,55.49349017897176,51.47525133570745,18.610750245548573,0.7823218066598725,3.8721544016834404,99.99999999999999,42.87305044180688,52.23715020090754,21.871101151309297,0.646374018815892,4.061581159535171,96.78081744661978,39.168281704677405,54.22907083549113,7.93717372554612,2.849560196859252e-10,7.684946033024929,20.89333082399911
41878,SNIa,0.08667329947153728,2.6674120105343273,697.8700567356877,1.000513023303824,0.9999869730301191,5.256867422102392,10.243828026680475,30.540530178257207,81.11803185380403,5.929550699603898,0.9012948140886186,4.7392366412887235,15.12482919206803,4.093347649460114,46.11743086916032,32.818951856945134,0.941570878741317,1.0000000000000002,99.97894742101865,9.16921771264827,46.265475188300684,35.56290993623331,0.4484058698937383,1.0000000000000002,8.361731685120985,16.322411221030904,41.510128562854646,27.108166085859782,1.3568438567459837e-15,9.15862104249948,21.11434324821482,31.438972694487916,56.107791282479695,9.268065636421023,1.5692002423031736e-15,9.090352834204351,19.034695796636683
166936,SLSN-I,0.03966546058654785,18.39935538828304,803.6125284095863,38.402455286489726,0.7332526446833373,5.567870223407488,5.883433804171385,25.152961324064446,817.8258093954313,49.99999999941039,0.06744996202820881,8.082446925962099,99.99999999755092,40.53563431167667,820.3865056807244,49.99999965340256,0.15394351350980048,10.357257540885193,99.99999999999582,49.12909944574783,820.5074272623754,45.42641246803417,1.7140518356854563e-12,9.92090068923323,14.503530710385945,36.95908217959286,814.0540328100326,48.54998687625753,6.293099767167819e-11,7.062244370871867,3.425337593010294,47.255025077240234,818.6095616990885,39.61597149905081,7.094000630096105e-13,5.733323748712472,3.882067596565301
146656,SNIax,0.04573535919189453,1.1571350000000002,267.2500282807482,26.97910963710086,0.0896835917091522,99.8109868329906,3.4113367269674777,21.648394998350604,7.062813799058112,1.0000000000013634,0.5047158866947492,1.8575466790019604,12.093106068136935,8.872815741551328,-0.6562494375767494,3.5190202376357607,3.1851356792737712e-25,1.0026177855496445,19.58683796225054,12.796392445187665,-1.692424760623126,19.623045261840453,0.027533093423819533,1.0002655122120454,22.51878270761117,4.435272720428038,724.7933622931392,49.97167918871562,0.3970793368666887,99.99999999999999,22.423182114112024,194.97350437400885,533.356675529884,49.999999803902206,2.757958068227864e-11,15.454191931317562,34.85161853465318
76068,SNIbc,0.077659010887146,0.7823517609966751,664.3775739359727,5.11400132397862,6.437806592945757e-20,20.329352741415374,3.1830978714129543,1.734614215405481,245.3531726335236,20.980926030638944,0.001377206037624248,8.046253790753623,5.594317218890031,11.736688746501406,353.05874967974677,1.0005435693931224,0.005767172695640768,56.33175055139611,12.235806959300069,16.661833052246866,687.0968258313886,49.99961480591521,2.8147286009090812e-14,5.792637228902439,16.866198055594225,118.32634999999924,739.5890150235799,1.0000000000000002,0.3809195208442068,28.067522966207665,15.526401844329643,159.0208696592451,735.9948254967989,1.0000012538882925,0.27922188721761887,30.95988991698973,19.3074532506872
282720,SNIa,0.03949288527170817,5.616205607293656,681.5864881965049,1.0000002555084533,0.9999999999967708,1.0000000008948062,98.72532301570448,17.292692134414754,-19.120004991858725,11.943606508762995,3.479506243685826e-07,1.0406497557640095,15.458262691596211,57.18935128881121,-1.6458909421908772,9.404685744062549,0.7538773664761818,1.0000007731727198,31.422518358998715,89.37454264518408,-12.06854858526281,17.428794811517605,0.5912815858127218,1.0000000000000002,21.19927082210732,65.51307561538489,-1.278609446717819,8.87414047233514,0.40612690549225516,1.0000006236723262,37.82083951869935,32.28152383896554,-19.626699193338315,27.596136285060695,4.763978852511479e-10,1.0000000113489267,44.52039514551838
330140,SNIa-91bg,0.18412995338439941,3.2220170113476434,341.0887611493497,39.50578313697137,0.07591304812773463,94.48914109958692,4.148046104450146,5.661968660709963,328.48491227283745,49.99999999804366,1.097179178151178e-10,93.01215592195632,12.649730119929998,7.171730183654644,-24.2706625193923,19.85678874446564,1.2734349474454748e-05,1.1026132872239234,53.42551311307053,19.97364441126908,-15.02981563420787,12.431226193671801,2.653267437114386e-35,1.4075260784612218,42.21446676092552,49.91056385311042,-12.755751284758368,24.554298803606727,0.652784565576368,1.0000000000000002,30.000314338721317,17.12477356077898,16.673866406870324,1.0000196779051704,0.39155737271694424,24.394361381880298,74.66225168028527
172258,TDE,0.09467554092407227,18.733201220658877,423.9448319177856,1.0000000047552995,0.14016336485445902,12.283266497930626,94.65965629238578,13.977407939506602,453.45150169535964,48.32979853879454,0.1854668823030507,4.363013762409498,92.32653168386007,12.921497305455272,455.7433360238823,35.63685171499143,1.842033857696906e-35,8.393461640467619,99.99999999999999,8.65148779148546,453.59875390605526,49.99996985344997,0.04669611167309195,1.0000729861419426,4.700423897125552,3.620992399621056,507.3882742234408,1.0000026513164044,0.9999854793624369,12.342560833010614,25.856360779001278,12.05200449272552,368.9367025871749,1.001207110987421,0.5013950868858781,32.42622492463716,99.99999999999999
17,SNII,0.06434472401936848,5.411357255964101,182.72899097960902,35.936228794240435,0.0609182165216857,1.2873415199114007,99.99999998946437,58.781239998749875,777.0335020449854,1.00000000000013,0.5048794429870712,4.018050451901569,19.70892524726835,46.91099935521189,792.9450081503119,1.0000000000183291,0.36329511709305723,1.928777665252977,13.795178394052048,11.776245748446659,788.808057298217,2.688644600618272,9.919769809778819e-13,1.000000000010581,26.37276163953882,22.969617169431718,791.3533268134204,1.0000000000000941,0.21191837351797133,2.0792430253264294,31.973889790024014,8.179073956660169,748.5050179587452,3.635949374653275,4.1584258850820044e-36,1.0000003103786468,99.99207944283546
247556,SNIa-91bg,0.05364056428273519,2.6573130242714362,265.6722242645155,30.540884562385937,0.16586772683967507,99.98332674598447,66.63914117554152,2.036122610996671,759.2972991687856,1.0024769491081251,8.475324632227196e-39,50.07151622298513,99.99981590674875,8.641492502290019,741.2257654349228,1.0000000000002236,0.961530822847589,1.0000000000000164,99.99999999999999,8.101922756290342,41.99307471705862,9.469692804454917,8.093338171629536e-12,8.392676057474121,16.506676357829843,12.311281611927669,33.89758041165873,27.335023596627018,0.13894972704041295,1.816271262025604,13.51550012542208,19.02842273367445,40.28825246159972,31.776361189124408,4.172229661042188e-11,4.154140592696765,14.792889666911485
221529,SLSN-I,0.09160268306732178,5.170416077924371,612.2566646734571,35.36809124403362,6.271837906664728e-11,64.0977405587269,23.827693195560038,9.976094434003409,13.205357326131116,1.1505016590300818,0.21044376182985725,11.693514652272109,42.90458050270505,66.20270746202725,1.5703262348063582,13.92028911826027,0.5961693514174055,6.170881867057668,64.97639720909824,111.88977260705637,-79.64838799180758,14.198338490754969,0.05831451001093617,1.0196532612198776,99.99999951522537,262.5386849047668,-124.78324408744815,27.223231742195445,0.04907723741405293,99.99999999999952,99.99999999999999,134.316534365444,-45.871333173076145,49.99999999999996,8.330550615015859e-11,99.99999999999999,99.99999999999999
281587,AGN,0.0014091332753499348,,,,,,,,,,,,,,,,,,,,,,,,,,,,,,,1.5341720100472067,-157.4404877398842,32.389260045001784,0.002782934706810014,36.74335477020939,5.1942794115008635
125325,SLSN-I,0.04108730951944987,57.50256954894852,136.23620639837182,35.854338833045055,5.059082787792663e-05,9.986731444688601,8.540324811695687,10.488845947330244,112.96242272193001,1.0000169822640639,0.9999847350045045,5.153028900372595,17.043782072021095,27.62695726527431,98.47610493926024,49.99999999724613,0.6162936035678876,5.243505001054887,99.99999999996456,43.51859542913748,104.67042951097214,26.816143559595027,0.13942889696592606,10.243143072229067,95.58194640589822,30.58035821024384,99.14693572562105,49.9999999999045,3.6319359182125275e-15,7.748229817911952,99.99999999999051,272.09821499992864,129.34325511201817,49.99999999999988,8.463835185099542e-11,10.374755397963613,46.15410277610596
196069,SNIax,0.04457728068033854,3.193673727515167,451.55293182630334,29.123300766875165,0.9999999999977021,1.7216996660453188,3.1300127022912654,30.54292435096884,825.239558371745,1.0000010216266457,0.4749816002388113,2.549260153244678,9.24433184425071,38.42031873735005,817.3758516229404,1.0000000000080882,6.183724611492728e-13,5.414760688370164,24.536590980728803,51.249461208716134,830.2200007406844,1.000000000933643,0.2630237476941352,5.062283692403166,44.42630803470118,34.65199552630279,818.3602785543453,49.99999999999818,2.7772655210000206e-11,5.8515658555305565,99.99999999999977,28.97393668191739,811.9393637367899,41.13496648088792,9.117443956059771e-09,3.6536632773588456,4.5185839803877865
119605,SNIa-91bg,0.10221258799235027,3.6468886228170034,32.39513973280795,29.905469259836995,0.23308441741645197,1.4080149299940676,2.406006189102324,2.4866421940135504,268.66128724365996,49.99999999663557,0.042908587397449544,40.860961298307224,17.448488760033992,19.62126413709717,32.2172959146633,1.0000000008155416,0.9902315322947873,1.0000000000086497,99.99999978432251,34.06280245007126,19.26389295572241,4.368637334596072,5.014815105276498e-18,1.0000000025402946,15.33199388286479,48.837458385444904,11.735430502881696,11.535020860536829,9.31454586732039e-09,2.1801243600315794,22.69046444021794,231.71406084412564,31.786324463781966,1.0000000320502869,0.7723853887984669,1.0000000005674654,24.756607810108445
58393,SNIax,0.08116217454274495,29.63512530558861,82.48882689814077,1.0000392690892554,0.2642166581155188,4.5349230117361445,3.1732906187672905,5.394068946940273,12.818593377400001,1.0000003693788593,0.5305725363741769,34.65383822846135,55.82886865044871,129.42714614332334,-15.72946723088003,31.913253976850893,0.9025722158008325,74.6051835993332,57.079999953638286,249.78374652691326,-35.237181892860654,49.99999978213972,0.8754291603701239,99.99999999999999,48.80942554702359,100.14513624317047,1.2283780817676517,11.532195265658732,0.7587893267326774,17.828530284037118,62.80465991050405,279.3156628035394,-3.860780837175098,6.04122555948219,0.8070227759905195,99.99999999999999,53.27472974691753
341108,SNII,0.1434638500213623,14.967911772342863,18.239106735209614,15.177043701058048,0.994535073318744,1.0000025822657121,1.0798870578974764,7.167807741152646,710.1053450142668,6.899373144757927,3.00339874719935e-34,76.39994377262371,9.124003497097554,17.557852619533158,429.3269619712459,33.002366570085314,0.9147414727979243,1.0000000000000002,99.99999999999504,14.72204888129654,435.05990866737824,7.765271249520631,3.252543006118071e-09,5.106659020540049,26.312615007592537,28.1582242701378,434.3831413284338,3.0198203924821745,0.5693058718683972,1.0000000000000053,41.2955910872465,17.417954462592903,255.04815474602643,46.19130728675565,4.201272131249497e-11,73.93797923265372,54.72094430514567
128160,SNIbc,0.17760117848714194,2.637120460629927,311.7737976485636,32.87292289422617,0.2126932321751978,99.90795823826019,3.17630253187095,3.3382334530054987,20.924676098924557,20.25955530618212,0.3706345492336847,26.02839076321372,13.989676987071531,7.1622259311931895,15.109719793516918,1.000000000000277,0.2189031276120687,6.3708672077336415,17.771444613942066,24.608454203441003,-47.30133637036268,14.286070457487211,0.11598367761011556,1.1214618917860975,44.435679071272816,18.465399676791282,-15.83344024627445,49.99999780279573,0.0364449470864284,99.99999999156209,31.645254505847763,24.8704514179292,6.386618647048174,13.918814969218436,0.16661569968143117,25.549105102534245,40.37001782171989
145074,SNIa,0.12188303470611572,0.8324458000000001,156.16778827343552,39.108297305377675,0.9999999999999999,20.1363409529437,67.22855521111202,2.228561056291155,60.94242803684844,20.22882808927141,0.4038070690867904,14.358346140618355,91.82662309398351,3.96487044199392,358.5339745520635,1.328975734322272,0.0031004290953029205,99.99999999999409,20.692316255306974,14.825600043838385,452.4494506061048,35.07268640922688,0.7119772589528254,4.496631287948793,99.99999999999991,51.84409097902145,465.07166298139765,24.078327373998594,0.7203884403187377,6.185047823495231,97.37332180618402,70.78851438900544,467.27488778804906,7.977948556103526,0.7578262191295164,3.6045982492036224,95.57850238228288
101121,SNIa-91bg,0.0892941157023112,29.396668882599915,744.1517877986155,46.34153487423961,0.8190661705422101,40.174800694908996,13.812786599782077,24.797164707033044,357.6007009853918,1.0000000000585771,0.8897833364748656,29.591246212196356,99.99999999999999,283.4609527158717,493.6630917606824,49.979243575541595,3.081820234816594e-05,3.5481381893550523,26.187669633649957,86.28648321533159,109.31007622566312,1.6982607032723032,1.5834984485520584e-10,1.0000000000000002,99.99999999999999,18.77728304603256,225.49899412706864,11.113363358159111,0.028917336381179295,1.2336769832461183,99.9999264631322,354.86732485985243,494.74962817057553,49.99999999999999,4.1714977489443397e-20,4.319037064288629,31.586211470451598
286401,SNIax,0.03693274656931559,2.443544666988005,204.84151836408202,32.62697353267982,0.999999999999898,3.911646295047687,21.16290252200458,4.045809497311482,791.8414774463491,1.0001185859983839,1.1271460614530124e-18,22.91260848731585,5.4281440182429685,5.5273991341409765,794.5417489886268,1.0019750463209496,0.1252502855125837,1.5201397541235906,1.1208272270005943,11.307789589972852,91.31189228169175,6.650282485072447,0.9150965929568862,1.0000000000000002,99.9999999999996,5.061544745976852,714.3382724576063,49.99999999937113,0.3909070168501385,99.9997909399033,65.08079508992662,7.365617601672418,117.08788199582816,45.82087067789576,0.0025586149801637447,2.4523956263327014,7.097191279507874
314105,SNIa,0.031798481941223145,20.55806278069923,91.2175398286278,49.998069200145856,6.266845855612856e-14,1.440365436637568,55.133750200503464,1.2895592858165204,698.6000993519923,3.5516168868713294,4.942018199797273e-14,18.70727373697444,3.258729112618991,4.092000834799118,388.7866984430747,18.337431026327273,1.4386579682486475e-20,12.087110470122726,23.868416285940746,12.825280955898913,399.5326733617276,41.925516238898034,0.8053566931762495,2.57228876711985,99.99999779733136,22.00157202774914,398.9957981537375,49.99999687990918,0.7335576210942153,11.07851607004568,13.568779570033998,17.17769577759349,394.1355492651845,45.92938072305197,0.12430323628093222,4.100407846585335,10.043153839311264
289053,SNIa,0.14412442843119302,21.506173116166327,73.12950522046197,3.10626264104174,0.9980434453955895,3.523517573799331,51.60418984399235,6.164747990891009,163.86334278885624,49.99999999581584,0.1128821274894604,35.47452712726936,9.367521032052792,5.555885545242111,740.3484278120169,1.0000015369367095,0.7568080546789123,23.019657147272223,99.99999966342322,16.328637296438842,789.1031092031598,19.532929392993058,3.2027409725853165e-26,2.329332787299244,21.87691699187089,23.454800800173977,792.7182819903182,7.234062245149002,1.8298628339824523e-07,4.367437697570422,30.605340741487467,58.39359460704073,733.4964931295317,1.0000000001890579,0.7274943083769382,33.620519466902074,99.99999999999999
289355,TDE,0.18322324752807617,5.771475057883865,53.99144924385064,49.99999999817802,5.597710376082701e-15,3.8281815113048574,99.99999998908541,8.345738449729328,94.25349734644864,1.0000011936926712,0.09326164889867439,14.615416951719153,82.78448506585153,5.08993549422994,56.11273576992092,49.99999999429598,0.029798782871186175,21.999154476305428,99.99999999999922,7.073917936400123,82.17192311688873,35.17073455606982,0.21520119415464334,26.104409890275974,38.52920170137822,8.576878783449578,150.2464826003692,9.164401863588578,0.08807253048534464,33.84541987310573,7.999903633932982,4.846094735407209,103.77365368691729,49.80755285221651,0.28329410334970867,50.28982627778436,22.623362717264325
223855,SNIa-91bg,0.10023772716522217,6.808467906565347,238.2103016808353,38.06441280858863,7.902103388234691e-11,79.37223152542629,29.506810896853892,11.281153439818903,500.5473695745117,1.7526340595887344,2.128017771640661e-05,1.0000011876703032,99.99999999999999,6.456180751153703,-1.4329207234167045,8.78480684233312,4.802206129277237e-10,1.0000000000002747,22.11831179513503,15.846876521727571,0.40967374368729087,10.378365212257462,2.4013074057578188e-11,1.000000000349105,27.937936589298072,191.27401041867995,-4.083501782893573,2.8721938640798212,0.6748591996118957,1.0000000000000002,23.661499519295525,27.303103467968697,-8.199838649808724,32.0273168145262,1.1184473644388931e-07,6.158956006692246,27.687538100146813
83438,SNIa,0.18714332580566406,10.897807459105223,4.391870537085417,15.997624875924632,0.0813681558521639,1.5216495303942488,7.356113029010965,2.7846330045447236,482.42635978851365,1.2734555909052583,6.08664610843299e-36,75.96674676423434,3.5364878595671714,1.4622245073162172,359.65125024373685,1.0037225822965221,0.02507646657335776,99.99999773708669,99.99999999999999,23.645834574431287,461.88478234277557,49.99999999758937,0.4908431581110696,3.303601018847337,72.30269323666231,48.658698021335255,492.7762197326346,1.0000745636778352,1.6601940069848428e-38,14.408383376168711,76.58712361217356,5.8036092416966145,125.79362786563647,7.083663765440912,0.02187568833478163,4.118368646974356,11.395489030385443
28542,SNIbc,0.06467735767364502,2.1348881694270756,33.89188031670929,19.153965168667096,0.04222033975232323,64.34381205734863,3.624007331593571,1.3224276062667957,199.68812692017636,18.62267639453555,0.14235638250393842,46.96058049655136,9.549294329187642,31.088364927013032,735.4042152975903,1.0000000000038485,0.5389713006892513,1.0000000000022955,18.931336727064004,12.33920993919925,48.912871545884656,19.500343244494157,0.8436236900294488,1.0000000000004121,99.99999999999999,21.780581068341142,57.060445827988154,1.0000470295389028,0.2694094951369525,3.5681140176643646,22.49173476123955,16.714690567189656,43.16959785423752,33.00159506437774,7.472364732422891e-35,26.49308537781523,28.65683906695705
208418,SNIbc,0.02821691830952962,7.507360092822278,65.63771898624366,49.99899674739958,0.20561145524773874,8.012897890126283,3.464318312044551,24.057782264090612,54.68512083327522,27.170729498686065,2.681512777213557e-15,7.635112177715841,25.39737368566894,51.46937321214403,57.02845750464041,26.467678399828078,1.654134014076608e-13,6.8251025548119095,51.04110682120144,106.06627908150494,65.32499224392004,44.37193220039211,0.45917660926686954,8.357161090023048,62.643291910630836,89.69315555775852,61.683413189328334,41.40269701638695,5.647099525932232e-15,5.5503333433826985,49.1459724497501,158.66507767838522,71.85535113147193,49.999854075108225,0.4524771371759414,9.469910419853372,28.695539802155025
250763,SLSN-I,0.04557200272878011,184.909747529785,752.0904514793237,49.99995576419662,0.8212044497374411,38.7682832637639,3.448459811845243,121.18206239893698,756.9138194344073,36.97154209979085,0.2492075737415732,3.9404086399386897,19.905203912402225,295.62572390134187,780.4557413043616,1.000000000103423,0.08631741849879584,8.337229652412391,24.34235276623346,162.08624615018238,763.5736841475108,43.22829965247808,0.2431897623416302,6.7235417029048845,26.41045563448998,134.43535599608742,762.919111057284,44.089407128578976,0.04530608157199153,6.277224285686394,31.54896276080493,126.69361490112702,763.6289143065284,41.82197206009573,8.95989152448039e-14,6.663567554176033,38.16257043039179
232124,SLSN-I,0.02413018544514974,30.229381136004474,770.006014942805,49.19903322549163,0.04102949649629312,7.195804412464405,11.318893945932896,46.586033902318164,798.9571530076728,45.52844744599368,3.5535714364115763e-12,8.215194436395413,16.459216497387914,55.79577743676463,800.4396160381565,44.85181407190648,6.877892495784091e-23,8.336207155864518,7.410690336577843,58.312242086316026,801.731939828988,46.300126471428364,4.5101061325342024e-18,9.138773893212969,6.036214851401451,52.47743134413037,800.3550673529281,49.999999999999964,1.8856913191476656e-17,8.594094441922508,4.026315297904541,70.83918106280456,807.2132541762601,49.99999999999382,2.4401650941510774e-11,8.463083534855846,99.99999999999625
155325,SNII,0.21095565954844156,11.012378207128744,387.1238916473803,12.584251561710918,2.551681871906205e-12,1.0000000000000002,7.570509288667887,38.42600251797237,457.94357923510086,3.1590433870670753,0.5518732345681401,2.4636040431424644,13.6932937472405,16.43837552624715,456.23297146109843,15.819239990293879,0.6336421415048484,1.0000000000063312,36.78277389997517,5.579717977416765,412.20072219522876,1.0000000031774132,0.0747997118004166,26.493852249566434,99.99901651420541,5.1842239246567665,452.90121468833075,46.326334521891,7.82444672447128e-25,4.628603823497883,4.2489461695543795,11.80604299751204,205.24469370501689,34.0339859012404,0.006104810141737811,76.75768746012767,70.15782987977947
272312,SNIbc,0.03133845329284668,25.627984900837813,506.64919054846655,49.99997465475476,4.867739042782323e-11,19.043234219416,47.60569929184401,17.295993377256412,477.2230251422525,12.647803812514942,0.001570122093497494,1.0000021091278735,3.492976353698,3.6096867593840134,98.79434556797408,22.53600603366159,3.7002351887993065e-11,1.0000000000000002,5.30325863215764,13.871078575133804,109.57242121861943,1.0000000116125458,0.21062989391425463,3.9604973864429356,57.10040142770905,7.905197661167281,100.2916731591719,28.945429040551584,0.020311349349876332,1.0000000000000973,5.2957850232944255,19.71914071899335,112.76547703044568,49.99999999999999,2.281605638717147e-15,6.576757823144436,99.99999999999964
75803,AGN,0.0035490194956461587,,,,,,,,,,,,,,,,,,,,,,,,,,,,,,,2.335235237604444,236.167496821314,38.352129670555534,0.9256254005097759,4.745767565709584,7.2342523196195545
226402,SLSN-I,0.022559086481730144,33.638101482197236,4.456705204860203,1.000000308464734,0.23497001758173863,4.555375367958014,29.707623709226635,89.68261458290172,45.261506659798705,1.000000012075028,0.034869689277111565,21.215986612932156,41.198657342366914,128.25843316281384,22.076234917694688,49.99999999999999,0.32852400671955634,19.58135482974445,62.78639798487655,162.91657808025138,25.30810947599563,49.9999999949228,0.29345113508948373,18.78452788032358,91.40391172694332,214.57204829846302,42.229615742590106,27.174341163432914,0.32857725028973356,20.180904262204077,99.99999999999999,234.70735566906262,62.12453413000972,32.41566171890196,0.395844544663285,27.74571086746262,99.99999999999999
276902,SLSN-I,0.13192502657572427,1.185940804635273,694.5487045930854,13.211000931149277,0.05654137243603632,99.83484586714636,3.266309357768526,2.9263359536256592,283.80948635729624,43.62912236074483,5.220204624424299e-11,57.545044657860906,30.194529302925687,22.114677935045332,8.768004235404407,14.147008723771425,0.8930713765241697,3.211690493778206,19.05779259591404,9.500841887057309,-19.95893247636706,14.148385241220634,1.0204245257210475e-05,1.421422409763146,65.69514681513961,20.198576817975983,-1.4315714331278484,1.0000026761699594,2.081943887802744e-11,1.0000000001632274,99.99999999999997,33.596472457157894,-11.653468956315443,7.629613318736462,1.1824779793176135e-36,1.0582564356937236,99.99999999999999
198396,AGN,0.10870381196339925,90.82965050518217,151.3573499364048,49.999999999952436,0.06942813574890931,64.31110941120495,99.99999332908018,79.57493867318604,379.44082096268374,49.99104285030098,0.38774158796391855,99.99999999999999,28.6491361461071,102.10015670158134,387.8284306164149,1.0000015103020488,0.00735936328689606,99.99999999999999,49.5153324597381,133.83693167983003,392.4154218661876,1.0000009583219005,0.00816673742983922,99.99999999999999,47.307103170774816,135.89629972898993,328.1165723741039,49.999987292598064,0.17522920106147047,99.99999999999999,60.6697558205452,146.91467100607758,321.91316399227657,49.35832556413426,0.13158674270473245,99.99999999470276,57.567655798862155
28977,SNIbc,0.09080334504445393,6.575917853144563,350.2863077604868,1.0000000000009408,3.3709582171507e-07,1.0000000679721692,28.186661398491808,5.029680367915851,688.4999042775454,48.44775078785787,0.03461488001221269,72.97759644377474,3.1383561013983847,41.55907976000351,5.336446828820405,6.444928453952735,0.6997922053966672,2.1081761687749125,20.642116399953323,12.685582455263777,2.010829543117117,27.124817655533892,0.3293468321887785,4.466309184632903,27.047633588228727,29.47203261862909,22.33974009673318,7.625293586504354,0.6327336022135399,4.032217862925443,48.972123184653356,15.682799738889916,64.42564955499802,40.15429909321197,0.4241441629260167,75.26132798085173,8.64864764152539
153443,SNII,0.12790199120839438,24.688848398048364,45.58615988290495,1.000006192990636,0.5776117365342119,3.427799287640512,8.854709111951898,33.647718355113,719.3676323698728,1.0021953094731635,0.00039639134293682884,67.93167000231658,15.711910025580591,12.819542756973751,666.92132341715,46.34209663321264,0.015166493399161813,50.10600193188874,90.81708985712704,20.19364848634888,757.8139242570892,29.545978651578864,0.015877278338177887,66.26875612248989,64.94820155985212,16.680098009420075,664.516194773577,48.750587392094445,0.029982389185084158,1.4058198527173045,99.9999985244082,22.29632364187111,668.7496414205211,49.999116796162554,2.668173398659753e-37,28.864287465821967,99.99999999999999
279632,SNIa-91bg,0.16010832786560059,5.595840465537566,587.3462818485064,36.11148438619196,8.820087589358535e-11,97.97739478288999,41.133362948359746,26.914930408282082,319.63748353865105,49.99985596663646,2.7882810182240416e-15,5.54772152814194,18.404110261217642,81.21323243598887,321.30120408045565,48.462017609547736,8.760913694143313e-36,4.230731455415186,26.6141764237058,156.32663867241186,346.6838302317236,49.70832355623573,0.5449852959557125,1.0272527576425525,29.302843663301974,140.18770911145847,347.33266456333706,49.99992917180354,0.3506245617283946,3.1009111975167056,23.722340995849752,148.22022692625404,340.87425870165333,49.99999999820254,1.925387214628097e-10,48.499011144149115,24.76818816177817
28010,SNIax,0.09218076864878337,2.5085608645269106,335.5690055172225,49.999999995271345,8.533682021168502e-11,82.66281010455941,46.6501122284283,35.50675900113955,59.180545265743184,13.615116382743594,3.501255374858112e-16,3.9967807387730074,9.408488676882188,43.79711243503851,60.84271016139672,17.029019489749185,7.638928485751967e-18,2.9474564295738657,13.53606659363384,49.62571919488674,62.60474980048278,11.980142748595373,1.7786836986082137e-12,4.04811215275748,25.186623050763476,47.566707768929504,66.35215165488717,11.566109211639505,1.790566265019415e-11,5.883677571907131,22.286975673585182,43.12004750901822,56.89102025358635,23.17970703197808,1.909609482293162e-06,5.66158726518982,23.229433060529214
224976,SLSN-I,0.12686661879221597,4.9568563762441205,629.595526776833,4.886786640165841,4.292930716597678e-11,41.04148557564735,83.8495765678193,14.001629870242372,811.1177496950112,1.0003177058087782,0.042686310331983834,25.126060656831786,43.04308377234283,26.261620257230785,786.0334806239358,19.089747730501475,0.4431764553602532,18.55605408261734,76.41325432951729,29.40237652993886,773.7520280364565,49.999653327958555,0.2511684357942857,28.06838904143585,70.28883422495129,48.20285306686648,802.2766949448343,1.665720305565934,0.05783527132615191,20.82958641844876,67.25694285296687,47.35143946583818,770.6333478985387,5.20138758993983,1.3491989762651806e-36,19.267351573636905,99.99995088841528
49288,SNIa,0.04086621602376302,39.05100499999973,5.64223149054507,18.66384189951764,5.693249280346361e-18,1.0000000000000002,14.478301571221449,24.91198999956254,743.8798682713154,1.000001582811782,0.3605737590756573,1.0000000000000002,6.241056213380679,32.773853904696,374.1075961092014,1.0000003794765289,2.3426157699790856e-26,11.617696960908972,15.103079456334783,42.39433348836137,361.48679789406054,34.899564862712076,0.42589165763977543,6.105629465124123,14.660753883401462,31.324121616017678,361.88793107758676,19.90315897349016,4.36263354494217e-18,5.048136556140338,34.929012381400426,94.27047466695993,364.86557151183723,1.00000000001761,0.24492562463151482,19.490067402453995,27.386396302044357
113836,TDE,0.01272269090016683,310.7263658989044,10.770662182197231,15.122761687074936,0.236343047812405,14.140795109466445,73.52531925514717,145.10918808645732,25.723894713072113,49.999999999999716,0.03582045622721726,5.069975703049294,77.23025440311551,108.71094523111078,26.403926197282832,49.99999999999999,0.0071963972454834576,5.117279719694005,74.86655369691925,85.25441611230042,26.861930950532255,49.999999999999964,2.8920081024831785e-12,5.833369342685572,73.32665198205,70.32688121600259,26.689216954919253,49.999999999999716,3.042434554542574e-17,5.5576675874315296,73.42201112984439,63.17538609057387,28.9749044177872,43.150241933009795,8.313448563470775e-16,7.129434024529509,72.46076960229946
182671,SLSN-I,0.09106262524922688,2.644386846506813,0.49781204422084574,1.0000000000000002,0.9999999999683249,1.0000002052076533,1.082555002372788,3.724980077924684,390.91113652935405,22.662311349264442,2.5488469139153397e-33,12.132193225070141,55.09175173866927,10.407296334504503,2.325487934268348,1.0000000003872196,0.7393902470464092,1.0000000038220946,14.08679245964735,12.371575833804528,455.0779157220193,1.0098257278700127,0.03382462229130927,24.302889138090606,44.94820055982488,20.25210538955308,449.5908090372325,1.0000000000041378,1.0163565179807161e-15,38.86156291174369,99.99999999999999,27.852283461723296,455.4907727690751,1.0000000000501141,7.963409484223331e-16,99.99999999999976,99.9999999999997
105894,SNIa,0.03168344497680664,19.14339331516788,854.3831974947976,1.0000525914302327,0.9999999997048423,7.745432635159791,4.998387631360267,76.79003963384406,781.5543790642334,22.101326809116998,0.6837336843797391,2.5553939882693992,14.889971597918395,137.440601104476,780.7362291421045,22.777616235555374,0.3174497967907682,3.3514796064243693,15.306833856184083,113.5176161774654,780.6520233009429,24.357769999989415,0.17616552535902713,3.8172764741432674,21.12746001820717,103.36119038893251,780.1389525869163,16.48214779127436,3.2985919287303187e-09,3.8664013376329787,37.90174790025132,80.92770998470075,779.5752808384011,13.816898547257171,3.926714890119041e-25,3.7178526367268363,45.85316569989281
341003,TDE,0.06419968605041504,49.2419799997362,463.2892616799679,2.9594519724309998,0.6042455390154777,3.429407900422506,32.28115304929967,22.070312779322325,456.2596859711373,1.000000000000001,0.0986849560835943,5.723169076538792,47.02373508976323,10.859442273760804,445.4750632336057,48.598343906671055,0.2741899052080977,5.962277283401699,92.68318701398647,22.830316840533175,356.89434073650034,1.000000000025875,0.789616189790153,33.285459963829304,99.99999999999999,9.061240645140737,450.6646773467338,47.999181771086356,0.1724503621961847,3.7632459530539815,6.214218119854822,7.411368376129387,489.2151884183678,1.000033728046941,0.9999999872129981,7.346286935498469,2.43024649270059
198209,SNII,0.030916372934977215,12.849226850530595,34.86895925637113,17.489498858961728,1.1473873621172634e-10,1.0620785844351535,11.611487056947828,30.908543749312035,96.59368954784907,1.6723032670584468,1.5313893141936208e-14,1.4933239640168916,11.997663730932636,20.10658982707738,97.1798281934812,7.624719933775194,7.254162735909796e-24,2.1409588877270966,19.780684077759254,11.733568114115286,96.50445104753611,9.14932457793237,1.6171125434252387e-09,1.8550506100312771,26.067919022941116,19.944979612290386,708.1076647613748,6.3333519274296535,1.1752267830665782e-16,25.799946755608612,3.0541940998545627,203.63171305564865,515.4593283850119,25.399668088917306,0.9596292563851931,8.67333133333285,2.990765314180261
325414,SNIa,0.04014639059702555,7.4359076302534595,280.6385789072577,35.02790776055058,4.5219988603883566e-05,1.1741225909857604,23.708781128456597,3.202748158346037,693.8106938414101,47.72815654482276,0.29047005675989673,99.46264624210919,3.139582195845333,5.372432711675001,341.60737481022,40.435036926499976,3.10973116433689e-08,46.506084049743464,4.99148514396669,32.40000993502286,309.31681772217087,49.994165630715806,1.1322351297936307e-30,35.92095263678375,17.209708290270328,19.602519940927795,320.74157363582515,47.1987752077511,4.783037950767933e-11,2.941921087826247,22.13119262669357,56.164640500124186,312.37123939718794,48.639678249667185,1.492353296668936e-08,60.315689698197914,17.858965809839255
187601,SNIbc,0.066802183787028,1.8553104777086427,712.3978281920198,49.14760755020897,0.2318355758952325,99.99997719973003,36.31012332170971,32.49512730290082,827.0057952590251,1.0000000000003746,0.3245293139327432,1.866017068520727,11.186563481350062,20.164151710014654,824.2094160990713,6.952607675715769,1.1030733610607514e-24,2.827762230495596,16.346465422209803,16.10882516978902,821.8995028616623,26.69220483813489,0.1860076923150689,1.6221435658995058,15.969284185636237,15.406069949372615,821.9943639135198,11.662895486427647,2.4650414600974242e-12,1.0889734722325084,29.46674330133748,44.4070329797145,837.347131104062,21.234021838139864,0.9512243565680946,6.217608307629109,16.129372743456205
225153,SNII,0.11788702011108398,14.40175943411903,115.67889882993065,42.26610916246649,0.011013605470900132,11.104950069101326,45.971482728038126,7.15523222907529,488.8276988477377,1.000000000015296,0.5583141778908193,1.0000000019457784,79.05921128207731,7.171014661658267,458.74299198523573,1.0000000001255194,1.2581779926028002e-36,1.000000000645314,9.913696907183326,10.843465554579966,484.88977991223436,1.0000000050088167,0.2924586887772624,7.591973582711939,76.6279175417496,17.613571933017532,458.83693437579217,1.0000000002959446,0.22220568212812486,1.2129790251769592,30.485504084826477,9.800638601291652,311.8657591890233,20.90919416865803,5.366805329949518e-11,58.71093762873231,93.12828736606966
102737,TDE,0.13402299086252847,53.99761490994067,809.4371874834628,1.0000006769546987,9.821896060941954e-11,8.393396722445722,23.919391065257273,35.10003758829045,726.0082297052659,9.044647872271419,1.6656039954229918e-36,37.07129659889311,63.380678445303595,78.29667914271037,731.8405575154159,6.660766375917555,0.7682857548825315,1.0000000000000002,62.51734218886218,66.53098999999999,548.7933318979188,49.99999999999999,1.0804950974938796e-27,15.296876497638786,79.44387617137711,17.174233981084196,749.797723401552,1.0007408381680067,0.007947065891715815,25.818903385157572,50.52742167438785,72.5923556979746,356.0039283149412,4.85814971446646,0.7327866705228843,5.053528321682591,2.0912887139844507
275112,SLSN-I,0.01622299353281657,18.284685405849523,111.21473995631014,1.0000000000000002,1.5234095643781156e-20,40.264509805273015,11.953748184966983,16.61827548133048,72.51749730940756,49.99999999987279,0.25990246116941124,7.35820773866456,78.12769800053655,22.03258374320101,70.51661377098084,34.18838319679325,7.425786648150556e-21,8.698695559247543,81.3673506231896,40.99729686143603,83.44274310416523,49.99999999999999,1.0813147066001562e-21,16.647714962549692,99.99999999999996,56.88563642200297,90.54626692097072,49.99999999999999,1.7160760927329466e-21,18.582519908990555,99.99999999999999,101.72331738487746,116.90558604697956,49.99999999990451,1.1448402148015897e-11,21.415393740980434,99.9999999999814
280183,SNIa,0.14661216735839844,4.4542977054743496,179.69066743730764,41.54573404037383,3.870679128742699e-11,44.77086783096137,32.714504534279186,21.124759354880577,393.79161087623254,1.0000000000000002,0.4172695695938517,4.326810921225286,9.921440931269053,12.85201605883572,478.61051898903486,1.000000065744315,0.4828004826420285,1.000000000000035,9.436828444379582,14.581348813140414,17.03338234845893,1.000000001643162,0.3917743240412745,4.9578883451870155,2.2748963905727075,17.384182894767758,1.6985293283358445,1.0000000000117792,3.7333635345258234e-11,1.0000000000000002,27.056411141037113,115.03180890288064,-0.6505597947177082,1.000009627966606,0.6249967446577077,33.66882500867649,19.21211584708856
209577,SNIa-91bg,0.16450877984364828,10.809868950167932,6.637531667819376,8.304203442417723,0.0840865089764127,2.300754160065836,10.497305797546433,20.39007999979265,11.28683593733407,12.658513313180443,0.9452935262115295,2.8061157243495964,89.11567563383679,0.7069356000000001,627.3906267019363,8.517911285774495,0.040794035222912764,99.99994985291542,4.365012028772923,13.638852238840139,795.4445620311833,3.0117440419261916,7.409971942083115e-22,5.547516749748791,22.14029318216778,6.697285312456794,787.6368236774473,38.362987738907876,2.0628220066112505e-11,1.0000000000000002,3.2324747720395575,233.76641019974423,355.64468408100277,1.000022698234202,0.14393544878029482,2.57125013979225,1.424271460591013
27885,TDE,0.24373865127563477,12.086132033785296,411.89745156300097,1.0000768000892097,0.0001789490773780679,99.95723729330514,3.191361104875146,13.383924278596394,296.4474571832646,49.84200764486798,0.021135247351613942,89.64805351527268,40.32689129628607,5.390104417422439,307.2171951185004,46.89481154419589,2.3626059525968796e-13,5.771591137367765,42.24281973950827,26.575745870920883,108.18607287862756,49.99998789627135,2.8367317537677606e-08,1.9376081364033335,99.99999999999808,9.445733868557182,291.7889863946381,48.74344813483862,1.136530122238875e-10,57.86405550322248,37.85729334733377,155.14024701649112,353.5247326208446,1.0000490135717661,5.4997636213930086e-08,63.466151903471335,4.9296940194639784
88056,SLSN-I,0.15819501876831055,2.4407173165080134,700.9703830881867,48.55805336260514,0.44404570922825704,99.9351430938189,3.860350994729653,29.258331709808086,742.8411920609736,19.171411002495443,0.9999999999999999,1.8551563387223817,3.188235504888517,7.773474981896287,678.5198503509566,49.99872793320534,3.581100319693032e-36,5.434070927117854,52.25338750998626,36.52672486129617,637.7215784327071,48.5578422373557,0.0001676444067175379,4.000953213379939,74.12722207307979,42.56024527915941,704.0449823354169,24.49994866497394,1.3842936915366255e-35,33.39026381599568,74.76532661907017,64.84007183376045,763.1499798508654,1.0001800469644484,0.07297681760581862,19.736626641650727,50.5520716888236
156868,SNIax,0.06776932875315349,5.4364341105571246,189.2066505475934,49.892549274225715,6.717133007265178e-32,48.28380220552356,42.15438463280652,5.772953010901088,118.97650353114922,48.40880513467737,0.02459997065016982,1.0003763285088185,8.112189787170324,24.707364999995477,504.05920173881657,49.99999999999999,8.602276502836592e-19,9.988053146444047,99.99999999999999,51.11832999999967,658.996789848993,6.979987405624416,3.2771356241096508e-15,42.99897498781618,50.204079168901416,17.649681083304035,738.5387355991357,1.000771314096225,5.048608770190799e-37,24.094391852731373,49.32206580572941,37.092360829185644,754.1172673255796,1.0000000000003646,0.21493894017803955,6.5058249286109096,25.415945373118333
270177,SNIa,0.07548614343007405,22.078250496504676,450.8156597561111,1.0016387651565388,0.9042060031216254,1.2122453027181568,1.000231362287378,2.748882368503415,123.57194752822191,1.00000022963803,0.9999999999999999,3.9976126865215433,16.84238047026062,10.192724319503213,112.15401776654942,15.804265599167906,1.6114778422227896e-13,2.470110274983984,13.733366028001498,40.85249331845368,120.26811028074876,22.434480184436545,0.762045017303665,6.170892837736602,70.3462005465823,41.93181147332665,114.466167722736,29.87868383671081,0.5675816904821585,5.212211929035135,71.30125242125932,25.322142828682978,104.78522798650114,49.99999999999999,8.952225142478736e-40,6.052286665313588,87.34236626899286
9197,TDE,0.04935014247894287,17.849402482905255,394.0842912068594,49.99999999999999,0.47970023868327655,17.647992571343927,27.933750419201345,9.895937478940064,429.25515329404936,49.99988555261281,0.15664847633483486,15.173314422992085,30.617852628959625,13.196190460897377,438.07641971414176,1.0000000000224798,4.6542529196248255e-24,20.511424639035386,46.61933230604406,8.053720317416857,423.314049238203,49.99998020435292,0.34020711780853313,10.569036793540887,56.35720791553542,2.636545876433315,480.3701112538611,1.0001813573574292,0.44198205661570195,17.37840194237096,99.99999999965185,11.321664400000001,674.170430169604,1.000000000005051,1.5781190380205434e-29,44.67864163858263,84.88801014256708
134076,SNIa,0.16576762994130453,22.054959920030463,383.83132592081137,1.0000012943809697,0.999999997927368,1.504718597182264,10.46993394810291,9.413224572352156,239.4880249890655,49.21654466267589,6.687790530822549e-07,31.46510512477617,56.55312948649336,32.485450216334435,314.37676119753326,47.54174869870261,9.201531387662665e-11,4.4745712687593056,14.700407498897453,58.59451253440934,312.0405686709528,49.99425186670264,1.2464914651764294e-36,40.49695580582456,18.990587086454735,71.69977345162674,312.54662375838177,49.99674804832485,1.2085194179330186e-36,44.312617108489,26.764611771934206,41.52290943391245,331.1398060922495,45.82877980072836,0.006468730941252138,22.68087906257523,11.294261299929808
51009,SNIax,0.12296561400095622,2.950848527234809,1.1791269857188809,40.71234277902836,0.02704992813786561,28.27142121766066,20.2552883347997,33.00988196979827,729.1405169843528,1.0000000000000002,0.4870849715105242,1.597935156299896,16.764638015313107,33.31624999999936,583.9102044283898,49.999999999991054,2.1912058850357144e-11,23.426948602896534,62.07762201685816,24.943372726052864,640.2253618987826,47.410643919280105,1.0269594970045195e-11,1.0380721743393027,65.5239273690912,16.983685892961095,731.71164472216,6.179422679833183,3.226997137535778e-20,1.671041728530272,55.621645513521095,41.390483202739205,728.0686032786675,1.0013285957758324,1.990642127756686e-21,99.51658171118657,45.504891132789794
267239,AGN,0.04796977837880453,39.486464760858205,401.8378180051586,49.99976918450422,0.7938520860159799,15.754275949344233,4.125317191902038,22.84996658852657,401.06267746739803,39.29633803446493,0.38654370002161936,13.148084783732886,49.24996512416333,24.472749245412974,437.088273115149,1.0000424083484198,0.0453568660809129,19.48231469459275,31.36262625594404,18.468449577890386,408.95142712333916,49.99765648885377,0.5260823461245039,17.710437436562533,34.474729595681495,25.395301140189126,422.1467052764521,19.304919596007664,4.1151140177130876e-29,34.59372824262026,26.13517530281303,17.83569129198796,444.7412655632996,1.0000041835578701,0.06680461322811532,24.56260077066925,66.60964374979856
269841,SNIbc,0.02382814884185791,13.216505023210168,521.418235909969,49.99999999997606,6.216970327754931e-10,13.738944428725883,99.99999999999996,29.718352398354792,673.8032540588654,49.998555908969124,1.6159842481357415e-08,33.18746088204367,6.482574754885211,17.829611313466263,358.23902295332493,1.0000000001519287,0.811185741943137,30.841250836891483,99.99999999999999,5.234544631779274,161.32830242051753,2.124822005204256,0.17871334391699287,1.000103817857592,99.99999999126842,18.79313029598453,483.6063697531086,49.99947320110383,0.16941306830356612,15.508138959985308,99.99999999999524,70.08648146926018,8.082806378240432,15.190012184442207,0.9999999999999999,1.3272041686172802,3.488922556704849
58139,SLSN-I,0.08943724632263184,20.655979999959715,526.3262338160749,49.999999994370484,1.2215773215836554e-13,16.06080858456003,44.86960499555051,15.328614999998436,26.978642414711636,1.0000000000000022,0.9058100796579692,4.752434476666573,36.35997390974176,3.758076565137932,439.08614161424504,49.99999999999999,2.6248311275976236e-23,17.449677044719433,99.99999999999959,5.28604742516945,448.77729745076147,49.99999999999999,1.609126748048589e-10,1.0000021656874496,99.99999999999999,14.576357246197228,478.1716475452368,3.9458645761587166,1.5638954814101412e-10,14.26096093316738,8.71832944006872,8.846850098820385,258.22289689277585,25.564304403021715,0.5655435983459394,3.085913626641341,99.99999990125312
245944,SNIa,0.09135119120279948,3.907461063604003,669.0176511331898,25.832309433360734,6.157140386783789e-11,71.31300888293963,30.821716843751688,27.97349905101287,740.0733812578949,1.0000000000080154,0.6928332980547319,28.8277436483699,23.43329059924452,10.13919857978784,778.714500564876,24.49028158694743,0.5854668257313472,1.5352003474361113,5.9292550657336225,31.58557082689757,779.4532647593761,37.81832332498898,0.845090448138053,5.983335873636922,25.5905825795129,25.893671105838305,773.1566028969428,23.665107457959074,3.94498175704468e-15,5.146732371067699,22.838134114437985,30.00968916642316,808.6691833426866,1.000000139946809,0.13471481488530884,13.559899002796046,16.834861861033573
61127,TDE,0.05763717492421468,66.41905499470354,567.282121518075,49.99999999906513,6.464295987216777e-10,27.576646052996036,35.83185980712491,20.629595205851555,687.8039988570807,49.99726592522344,5.343701656051196e-11,3.637520453597136,30.31846519053237,75.34808499956934,627.6497563423932,49.99999999988155,4.855187360652987e-12,26.284143036699767,37.583330504055155,14.99523033740475,738.601323834576,1.000000000389108,1.6600754629239483e-36,1.0000000000032998,32.14144333047857,81.58886985718578,658.9959352654391,49.99999999928646,5.626781577793076e-08,37.3654299835815,19.842112129407287,75.34484596855684,717.1662625989609,25.919221654683692,0.9997766379567102,1.6501113040110784,1.1211507318089864
326827,TDE,0.1282104253768921,16.865317997694472,822.419442675359,19.313755834583915,0.12442727752264031,1.0000000000000002,5.973172415703955,11.961776972836317,832.8538606445461,29.4244632337064,1.3410201832091534e-18,1.0000351914702266,3.959702668299501,10.521049822445535,832.2668753965119,30.68330949675865,1.5609177420546516e-08,3.230654529378344,4.808724679106144,9.181881776334125,833.1418193406721,29.322995509822174,3.94331276296684e-08,3.03057569494087,4.064367145636508,18.91544100882463,840.9604378292053,18.548522073166744,0.7577161390713537,3.417727720786424,98.73791531038518,17.136232403760484,289.419553859355,42.43774132162775,6.8787337805632e-11,75.97596044497084,44.82112964815229
91871,AGN,0.10447267691294353,106.07782569494164,309.75709533705447,49.40075926681629,0.3273068221893406,99.99999999518106,60.68126996953124,113.19274120415639,331.7065331463845,49.99999606845365,0.32168730050413596,99.99999999999999,42.72212391407031,101.92055218796678,323.0086741237639,49.9999999995495,0.2984891177472013,99.99999999999999,49.13732640186462,112.77562827546565,324.4281445501103,49.999999999535085,0.30110829795827204,99.99999999999999,49.26930760287015,119.7181483403339,332.0189157588936,49.99999999999999,0.33338233559291086,99.99999999999999,43.079190766913584,177.63226830070795,331.3037526978447,49.999999999978286,0.35599735544346267,99.99999999999999,47.91124819597657
283003,SLSN-I,0.10375289122263591,2.838351466992699,201.50239627198573,26.591474265359846,0.36946819816292636,38.63436915635914,49.85664340402817,3.2068795400529395,334.1215252863883,32.88741431394424,5.762832044783784e-05,93.49069242824862,3.2016327486259435,3.351271032584578,48.73936334687324,1.0000000828463245,0.1307899174003722,25.573677356486137,35.34029445637939,9.41869603089202,11.951071790973844,36.93785703361362,3.151112685291644e-09,99.9999999990484,31.10309346158595,28.8201312297489,13.986930594901711,2.246157628750449,0.5523956969691767,5.226774082554282,54.97947309314734,39.6579031592351,11.853307130122735,5.284297549934281,0.6777196288770636,3.5880126408164195,99.99999999984963
56067,SNIa-91bg,0.1671812136967977,5.10591545851167,3.0801733171821724,1.9020290500036454,2.4535068967001117e-22,1.0000000000000002,4.254356784412967,5.552724910305036,274.16859951765304,42.34852943617761,1.0116064928216667e-10,91.61980313064002,24.389303303670864,8.182576943184973,-14.181645459442095,9.229647990513174,2.1783290359013413e-06,1.0450868033531049,63.48736766195422,21.61567405131476,-15.009904118212631,11.275811750333897,1.9799705307754783e-07,1.025306356381655,52.96669814017029,42.13476190899086,-7.936646551670359,1.7767134153913473,0.21727087666689274,3.1843556602515,33.046946378982696,105.67345253590778,303.4396439043756,22.094080694636506,8.74280634058352e-11,98.09893917732015,17.450547194468196
280495,TDE,0.048526883125305176,41.71178978109964,7.495983789507279,23.2663475044563,0.9838249475375042,1.913320936841343,86.95620305503458,25.547032149110553,-106.85985280041662,23.262029468304068,0.03394351822045811,1.2684895949326038,69.12918904463022,15.39583974352596,3.972160493829469,1.000000000872631,0.29677101528855687,3.2130664135443223,28.12776403080263,8.17980023860387,-16.01969855405636,49.999999999810825,0.3028665867160668,99.99999999999999,27.076101261448052,19.46849808399653,19.185854059339572,1.0000000000602232,0.6633551755689787,1.0000000000005547,26.111314251499024,102.18753999768961,778.0751092200918,1.1802646243711443,0.6393843980331088,1.0000000000001585,19.691919549998104
41759,SNII,0.1075294017791748,7.890959349466459,65.35086242865545,1.1157880458887406,9.316195538959337e-35,35.72012555156502,4.546401446773193,81.64275999999981,144.4482903274569,49.99999999999999,2.823200344997267e-25,5.623639417124538,50.31733633692239,10.242444176055116,123.30962413068808,49.99999999999999,4.2206253570682326e-12,1.0000000000004963,97.9159844301417,8.31684334259498,140.64596140778508,1.0000051253237476,0.9995760375653432,3.8578759958319067,23.501676238830917,15.482419114060823,136.72557486874786,45.31513580316191,0.6512352165993873,2.6836676848507266,99.90812913337818,3.0941468000000003,266.6931807830425,16.36754512259172,0.07457213604978934,99.99974238329686,5.372719519728951
276084,SLSN-I,0.11068824927012126,117.6237846983335,320.1915349056753,1.0000000001350806,0.007240774924473332,32.6981941846848,36.609373165021786,119.79134218588025,331.6159764405131,25.241459899190993,0.000811078655184809,33.32485589257524,63.368871731139244,467.9912933363509,364.06488125596655,24.33074312637188,0.3517047518436714,32.71548866502309,77.42783410591474,548.823726898284,378.59978053003647,10.022759465073754,0.16356842556287937,37.477746370037,88.98930617798301,556.2094531934981,387.8745295087968,1.3362724112543822,0.02454158920205471,38.28858886209829,99.61248416824357,575.1693019927127,411.19795665174115,1.000000000001212,0.01822796947304785,44.17350946809567,99.99999999999999
40473,TDE,0.04082568486531576,96.27369509156337,389.5426033800139,49.99999999999999,8.279472716830748e-26,1.4180767340192584,40.63841672368188,96.17912850894609,465.333385716002,49.999999999999886,6.928993367571413e-11,6.25919305652259,40.923475080060506,50.81504843685971,461.4532608098884,41.51086213809411,1.1107929896394034e-11,4.245534851647458,3.606475373985539,38.641460558805555,461.5894709264214,43.36278480537951,1.2391476004231023e-13,4.851579825841794,3.414019505406219,47.58301386209882,464.6934461523405,47.024132086678904,5.4873158403595445e-12,6.310782212184997,14.698281184481663,29.885478821691272,459.9799617252094,45.97478826763557,3.988539394332784e-38,1.000025068803006,3.8995550119690976
212416,SNIax,0.04742848873138428,1.6119611448804536,349.6696972184209,1.001775168505887,0.9999999999999999,29.980735527420812,13.347326260077159,26.678069998329754,388.5849850766156,3.7316252970974215,0.7638831618345161,1.0000000000000002,10.730863841378898,7.602636940922146,784.9931192420963,1.0000000000508473,0.5748832983706172,1.0000000000017821,27.42035224720832,13.09753046263706,805.6920930011973,1.00000361192895,0.1020265929751091,9.861716677481395,20.163234377560144,17.383635605185535,804.2218854858336,1.0000000000280305,2.9025009920766182e-12,11.76971829775305,10.89854778952426,8.73746362069326,779.6059403318814,37.334857662200996,0.10492509443389125,1.0000000000000002,18.548215865468524
166169,SNIa-91bg,0.10441418488820393,30.829899310949457,554.5461735202991,8.425954746436679,0.005462109026403264,19.600544587101428,3.2537092703797352,1.7698526816539113,335.284386805866,18.341250271116913,7.224687032410535e-06,2.75680630964171,24.67869790535889,1.5992029507627556,698.6357631342912,34.39646608153762,0.23743374385727106,99.99069502203263,34.81603978836419,12.827439158638612,372.5119008015688,1.00000826304763,0.23572393517133172,4.80915816681202,7.4434252543087895,21.775941037950624,371.1286013799998,17.81931426123375,0.9968558618861861,4.089673795671863,1.8366320195938122,27.199446168309223,315.833064536464,42.930993465055344,3.595299222499835e-06,1.512120822978456,40.86008165608931
10071,SNIbc,0.18424912293752035,8.121900892943824,628.2871920397166,23.818708872189575,5.131243727531893e-11,52.41573836092454,30.633181874438552,2.3370474005590673,200.62090776931112,1.0006800607054074,0.020750768048321194,30.122288362775954,99.99794234685871,6.504956175618861,198.0818279756921,26.89912222961751,0.4265796843806029,2.044192796107317,99.99999998689798,69.17430029163717,297.5691556996017,49.94212107151165,0.8153865683991516,33.00945530241605,4.676038356380865,8.522633732935757,469.50128238207355,19.50594730559718,1.7369093210282477e-10,2.7513695330717307,4.263732294835974,27.571761732602045,572.8378726131402,16.023868674354198,6.035108443958374e-11,56.82941849545476,56.76465284096834
329044,TDE,0.1297856569290161,672.3914191739203,715.3416744384026,1.0000007386144787,0.3760973316580837,3.433535070502785,25.123646353496653,314.0952505138108,703.3722362758557,46.42637183998518,0.42395118137374627,1.3052852155610966,25.13102865688955,357.99642848679855,732.8765080110255,2.2543216068779977,0.30567579500977576,3.2027261811248415,23.642356724736647,281.9672718960688,733.9046245331525,1.7274978960348168,0.2784994757935886,3.4614106767687143,23.071158275171946,503.4918082373256,727.5384337532951,2.9439495188425195,0.5884703901090683,1.0000000000000002,22.51152222281241,495.79036499999995,646.9287745463773,49.99999999999999,1.980811165505049e-12,34.282412283896996,23.48377992279458
41972,SNII,0.030985713005065918,15.04921664559611,437.73142644688744,1.0000002914603223,0.38035432123278357,1.0000000332008407,30.11859722748318,22.381151413158094,458.13574234845174,15.983706473736145,0.787476253689512,1.5327491376887596,53.763886937876194,18.613728863714833,460.74881828499826,18.376646797475896,0.7311130544759898,2.406801311497148,99.99999999455436,35.79774499999999,549.7766144637795,49.99999999999999,1.4869344215096714e-18,38.54311307168207,44.51542465986841,5.4192301388885245,188.9218203938026,21.305519102868217,0.32602478418888564,1.0000000308330979,11.079617136559182,12.545686695716153,509.1868921240913,1.0007986424251907,0.0016004511077591162,99.99999999999999,96.90191050267622
233850,SNIa,0.06078290939331055,2.995389023355171,759.9344770051878,1.5679809205354052,0.0030515479486515314,18.64731388763183,3.441930727963494,22.406540774515413,33.786206435949914,8.93917135961137,0.821177028215186,4.4708182305476,75.55166027676175,18.611076500443538,25.660962251988128,15.643007823551875,3.170012257137295e-13,2.647742693690833,19.136405430886967,35.652019128315345,25.68640621427545,27.54375128828415,0.2792056877345437,4.0308110891588775,20.404532461406276,40.71409135695176,29.02319286830739,49.642599364150485,0.6928247909214986,5.026807607118124,19.330273249227677,42.44549034933638,29.01370129637035,49.43278748493982,0.582040353760705,7.149871427863714,22.568647119214436
190431,SNIbc,0.14018388589223227,1.9177571580272736,799.3473023387762,1.1058513805866634,0.020501979637171826,99.99999999999937,99.99999999995299,6.979341238304325,500.8497728030197,49.99984572574392,5.573258790474121e-17,12.961959871543721,99.99999999987782,40.928535,734.0955506384869,1.0000000000000002,0.5130484994165954,28.693978641979722,33.00783491889252,13.277943165337307,754.7587498405542,13.287854466563676,1.5272443132988012e-28,4.103021563828532,22.040814827007623,19.272670534400525,755.7930664435025,48.895063797376864,0.8902608397650451,4.363469832208074,2.999269700939898,122.95520265608431,327.63972901162737,16.591612730891672,5.858177975662329e-11,59.65956155153968,8.839155249873404
58539,SLSN-I,0.025679866472880047,10.330743960402172,3.412860530175053,1.0000000000001539,0.9271123058285835,1.0000000000000024,99.99999999597252,31.48264999558876,5.482242766459161,12.009655301939965,0.8677230095960445,2.0902506080278127,99.99999993648417,38.38484742064753,-17.699728983964846,16.1107781689374,2.1599297982464994e-13,22.918734945580635,93.78343226069812,84.81489714898512,-12.832972779579071,49.9999999964392,0.2039798642570112,99.99999999999999,99.99999999999999,80.98399157120556,101.54335054461033,1.0000000000000002,0.01414923325606724,99.99999999999999,99.99999999999999,94.66415276503598,112.54252550437035,1.0000351913590315,0.017621692320213916,84.97945754667055,99.99999999999999
315884,AGN,0.02285611629486084,42.719901757625394,772.2567941286952,1.000000021427598,0.06936997494513641,16.26528329847923,81.38314772156751,54.032377799992005,132.8025532725982,2.2076352025868586,0.22337540267279068,12.130701053616987,99.99999999999966,50.55143322035833,131.5772704917256,4.388246753211758,0.30310224849899614,13.220307027097645,99.99999999959371,67.08858154343031,126.08387490616701,6.6089147612676244,0.44147777210576733,10.613741935125358,99.99999999240679,61.67567534063934,118.71808929209281,17.130944898429192,0.48731092404974,11.673712292847764,99.99999996746116,69.8497693032648,136.85854419289836,1.0000000012776344,0.0775226444403472,17.03943184280689,99.99999953240416
116440,SNII,0.17619641621907553,2.664852009590895,1.237889389063372,1.0009361331540292,0.6238752915394221,8.09948144766387,1.0000000000000002,3.0605051098714435,659.2564386422849,49.99999999612345,6.874550404892362e-11,74.02145893634946,67.41489597762241,12.858440351910803,7.545815218624987,1.0000021907488328,0.13451947821187535,14.97641045025963,43.195072970976724,25.372717181396894,-21.639427883073882,15.928727857634083,1.3917652633278151e-07,13.713877293073514,68.6139534207484,52.41235831283521,3.253455260473958,1.0000041702779408,1.7078539450904834e-22,25.298603014467115,53.45862562498964,86.5209720380242,269.24224272324483,34.15206594416845,0.2622480782497247,98.23301307705673,17.941471798149742
290499,SNIax,0.06515030066172282,1.0889216001076856,562.7638545285816,14.580759368850332,0.06585974045266486,87.26841149660379,5.132566191016842,16.58890374042347,21.35722900559236,8.254765710712789,0.9703009287433357,1.1699391570698368,67.36886331133323,8.198583131613336,779.0535970227586,1.0647708601842558,0.00024618645384004954,99.99999999786542,29.552432411766798,12.958233855868835,752.5537311950272,29.412680310952343,0.2901519000506582,1.0002157583603422,25.528103664746777,21.17050206282793,761.8322046333436,14.825013612787133,1.1287726307145612e-09,8.961650069101237,25.900569593031012,13.04800534713706,776.8049932458488,11.48997258900833,1.7910657436558335e-06,3.1443366468185503,21.22108390417033
16596,SNIbc,0.03849446773529053,13.880726302077807,459.7128761176841,12.298873721526963,0.9751373105447211,4.559523070435204,99.99999999998252,4.361313484964154,246.90054910151855,34.820114108852785,0.11586062171730745,1.371962252147485,99.99999990124074,18.815617650242807,476.9157307472757,17.456899579763235,0.7904339902062236,13.281496386362228,99.99999999999999,10.29733262463291,438.6017655574251,49.99999999779805,1.479698984206219e-12,9.929700047567044,9.225738418868685,12.615636948072199,440.8309164435815,49.99999999999999,5.149452818676044e-40,4.860610058718901,69.76072735533664,30.7909860970607,489.343983990012,1.0000015678308216,0.14962526915921495,12.072040901459625,98.78386579334979
156512,TDE,0.1527049938837687,17.238334706567834,320.47380222828974,49.99999999999999,1.0145569927977872e-14,8.220042214596402,61.427104068859215,19.81930428156661,402.19820361054343,49.99999999999999,0.12016281373535317,1.0000000039390382,64.692817278846,17.604792172044636,400.06574129916294,44.490641468979035,0.02078726905219785,1.0427581276217557,54.34775719324899,20.332636373634145,400.53507094174324,36.57127441922334,1.9303522352131593e-13,15.930374933585135,52.43329984444594,23.30012108653421,400.8773630243914,49.99999999999843,0.42519374641950924,12.556918188428853,33.77595173585089,20.290730410171438,319.59209300568267,49.9999999942521,9.205854162083549e-11,88.63654612932177,80.38791062851448
337020,SNII,0.18845462799072266,15.382894263843527,4.652225983206733,44.72131964379379,0.9999999999999981,67.14991508144048,1.000005251643546,13.09526241386018,-2.418682987950985,2.887745662902003,6.860908695533865e-14,1.000000047793944,16.20914258733147,20.49466524383938,-14.588345060159533,14.026658604406517,9.430440897522246e-19,1.368833565540092,60.41621743194726,40.35563834017944,7.9720514803490525,1.0000007134059339,0.10040053972016487,18.97670917022708,59.28774037332481,52.11984544935988,-6.370462207463738,1.00567547887561,5.692367702088975e-37,33.28564165929338,65.8346216778983,40.92686383136372,98.92347732280217,46.24777936228258,0.2631040318509036,99.99999999985256,36.8984868185925
280550,SNII,0.045343875885009766,17.757707101795514,-46.851069112349684,13.027491764228687,0.11388442157348169,1.019234959631186,10.796791721555168,18.421901779586886,783.7867538661715,2.9339633675351555,1.2025360675971367e-34,2.78711958701789,9.632168805368371,10.301387038495697,756.8328733769977,31.262317949329276,3.74640132980602e-24,4.898135021213348,24.036207697459815,11.675307909192517,782.7424904862652,4.274160306141091,6.237642293168821e-13,1.919634765216557,28.120376073402003,6.15353524910093,823.2985406636033,1.0000001825081526,0.6282582232248872,9.532767761360688,25.38691902148494,136.759079428715,-0.5750586280616488,1.0000000000000002,0.8041937632397231,6.060663962526199,11.310954224801852
254687,SNIa,0.09011348088582356,24.27160802761395,6.76474059307327,21.712106301125537,0.9999999999999999,1.062287926290284,32.501353866004024,5.824737621265119,359.60121895809834,1.0000767309994982,0.6648108645684692,31.015605286817024,99.99998583765753,12.033464436265762,440.21019178800975,22.79997836816288,2.049102128910208e-22,3.4470028534884514,13.973101740394439,27.258449398931234,440.81316620443107,24.526010718547006,1.0040663668048563e-08,2.7736969989400393,20.511295012408524,100.47725977457935,437.3688938412251,1.0000000000189804,0.46422137575129685,1.0000000000205562,38.446384298406166,13.52661574467123,434.9222104351283,49.99999999999999,1.7182755291344118e-22,1.0000000000000002,3.2393076267371668
94074,AGN,0.17403093973795572,30.21349570392592,679.9709809315733,1.0000000002989908,0.3485910139351425,42.037513996787816,99.99999999999999,17.216821602774303,790.6627111830855,49.99999677436017,0.1951989005049235,99.99999999999999,44.81310548991332,17.43140099217334,731.8535751056166,1.0000007985226593,0.015345054840904095,99.9999999999988,99.99999999999999,22.28051314049929,731.1981867944493,1.0000150160747785,0.015244485820021001,99.99999999999999,99.99999999999926,22.47421232202245,739.59543820994,1.0001201337665044,0.012967429572509704,99.99935518549049,99.99999999997917,32.1629140251972,5.37463414874205,31.665397083024416,0.18562008516646766,34.646651257415954,43.99403725233347
251212,SNII,0.03755859533945719,7.88785871373773,445.1184698764156,4.939505582736701,0.9999986913293232,1.000000349715727,8.50128872842136,1.1490343069747995,208.55079741084688,22.51533912379828,0.9999999999983267,1.5638339244583417,28.350228803689006,20.22945391311665,456.93329704734913,4.029384056326699,0.7362306595412509,3.6308320938403296,50.11545222856305,8.16320498026128,452.34917923214726,28.16719981643884,0.9766215778902904,1.000000086065999,32.78056123114258,7.030490458621459,215.39690379203955,36.85412602328043,0.2878508307938409,1.018235742409928,99.99999999711784,2.8505350838598686,387.52891150859875,1.0000542649239224,0.14555632492098078,27.195806356475778,99.99999916984171
331184,SNII,0.1749032735824585,9.610182401228128,438.6016838016361,1.0000630964672221,0.5513039392557845,10.539071042641474,58.90834801651228,28.725809990206734,137.71521207780725,40.453181542826485,0.37415004002511615,1.0000000000005718,99.99999999999999,13.65107225232621,471.08160799940237,23.34602688520173,0.500466316709459,1.0000417814885585,6.4076854054751236,1.3301430588642567,139.8626052367156,32.64707318765128,0.9999992566873206,5.3849314016171235,45.970313742405125,7.115674475264193,45.58599709275684,26.749318056367205,0.9999960425357995,1.0001565016446918,1.3104840402963416,21.669140711373338,181.0895308863942,43.508417738181,0.039301077402284564,33.01101475965253,38.64931201516003
289286,SNIa-91bg,0.145300030708313,3.0455691689494757,63.0408256998996,48.84557338518686,0.10952485414370239,3.189639077261473,3.8996520494824325,7.319079333537239,106.81046591975196,1.0035545211398322,0.19419213752203893,1.0000000000000002,2.0199211243040054,1.5289133635761143,498.5147099900599,1.0000018350313993,0.9999999905566512,4.157460551144243,28.190585109756103,2.3543329882816204,653.2300117385935,5.246415478424516,5.9923420957218856e-18,9.558026219075497,4.454887305213019,2.5766340000000003,601.7769532146768,3.872204774510234,0.016184580638245013,99.99789234903345,7.163150197386873,25.17836459779224,699.2949221687919,32.900997364408624,6.209524998862321e-11,63.59813454658534,9.800687548924612
247255,SNIa-91bg,0.09304412206013997,3.862607206653768,684.9201353211786,49.99999999950135,5.024927830819893e-11,49.80975134780425,72.43424011054807,20.94681536903635,724.3793047659185,1.0000000000000115,0.8749557786385602,24.109786489168194,42.97344827811679,28.491119383366133,67.7150028924464,4.527841232427519,0.601790638781727,7.433385649718291,13.647121542678342,30.85629178532575,55.70007039023621,10.56305279520613,6.100392095765705e-09,1.9913403374866394,14.40169804965405,77.41740964315544,58.98123116866719,18.91706176479515,0.6794879856775136,3.2722036871865225,27.46680794869803,59.85169276503957,58.07571098503948,26.207607812121264,0.36430895769079363,1.0000000000000002,21.542557992571027
156853,SNIbc,0.059326370557149254,24.044990367528566,341.82660719360666,49.870586503725605,0.8340352829657837,41.74596842542456,8.577735674742403,43.19644499997296,391.13936608870864,6.308757861176357,0.8079407986377883,1.8060691115779943,9.382873672139752,15.238399651289395,388.9704375490245,10.546000409801692,3.2961971705124944e-35,7.874917100732802,21.63274903137405,29.261869549588777,388.99891360162826,4.240786200396426,2.7021538385837055e-21,6.141157774547731,27.428046306774572,23.04749805846561,386.85482831908377,12.82214321118356,2.988958660500862e-11,7.731183821183384,50.364620961543814,42.079609945596836,415.9721682703683,1.0000000051750557,0.1004786957706928,10.364503288558671,28.990992699173326
174834,SNII,0.051643172899881996,13.174784784431258,34.51532830830821,31.461676499764586,0.9442575898887275,1.4211788599843103,34.98707439854551,1.833118799729063,725.6965491543674,11.571562421623435,4.822915818444487e-24,32.17539479084898,17.679885337234133,5.1407625879268375,72.47560251012295,21.404199506904476,1.6441998734041898e-14,1.0000000000000002,10.026356907468609,7.276412637491225,87.2030832492476,25.637823931229118,0.7262305193006612,1.0000000000001068,99.99999997855407,5.454065695177117,77.21072318509474,10.713788758516694,1.2563739327867924e-08,6.869927747936055,23.77087391970816,7.336526371515787,71.54351786271856,47.26643610379491,0.5909753131900995,1.0000000000000113,4.3498385962297546
33142,SLSN-I,0.08597310384114583,45.98400508117629,84.30430153570234,1.0000065055067544,0.40579104581764447,1.7686542989546883,68.30970239491278,15.50346343115626,124.10810522147149,20.016424701546068,2.1575303118942313e-05,1.0351156750510475,4.136073374996478,19.69473716093659,122.46715803571269,20.18974025628482,3.7810794747276154e-16,1.2419516466550347,4.388661384219948,28.81753496801572,122.75780151538844,15.694517576200848,9.171647538830193e-30,2.1388009255940426,40.96483975148656,28.70115608562816,122.54311968393853,20.99965012962895,9.35587697385764e-10,3.473905071148561,4.57927928071965,33.78170241883535,123.83736423226303,36.255052441736275,2.0629137978649004e-06,1.7338156937340499,82.2669341492683
91483,SNIbc,0.15192143122355142,1.3364770745886083,54.58694069844465,4.3934068983552494,0.6185888196974226,20.22525492175187,56.97341171036803,16.648439992549893,10.140407747677331,1.000000000000003,0.7601615668742954,1.000000000000009,12.69889831115813,16.925159597753062,717.2333488205414,1.0009396070198804,8.539963251007482e-36,23.62647056812967,22.25693630993599,12.867923618139873,701.2010800102573,32.167276183751454,3.1957684772318916e-10,1.000001414724794,39.30200986634476,191.75878489823572,725.6257235073994,1.0000000000000002,0.5718685637935975,1.4540451106641235,19.417675561149856,28.847561158957344,714.685390393466,49.974990703191445,0.4408562857830666,1.0000000000002853,45.722263638326986
287551,AGN,0.1607590119043986,48.6381358885038,295.60322735185673,1.0000243829152393,0.47912215232708355,40.374229293275896,99.99999996060012,52.58932826847758,386.4300538995323,49.99999997187214,0.3428630969535173,99.99999999999999,24.704129873526828,43.8024499736294,386.08144298776256,49.99999592607576,0.33437532637836087,99.99999999999997,25.60547736934916,116.71369911644597,221.27231201484554,1.0000001298793355,7.592804871675544e-15,47.95088731804892,99.69810369055081,49.3567044913594,388.16888625704513,49.999959802912564,0.36108207854005725,99.99999999999999,20.196242220467045,64.41425539601762,292.2199454875844,49.99999999486737,0.16749060256976278,93.46416151622,73.75222794840761
13371,TDE,0.1356881856918335,21.8575342393689,4.4285771911321055,1.0000000092287868,0.4138428335634385,2.765336203229388,47.91445103800547,10.473501098648779,-2.661812016616928,2.041981468194236,2.653447709587344e-19,1.0000016242577638,61.57250397561346,24.92522833839421,10.946204861572753,1.0000002861101966,0.6429872789627475,3.549204505312417,59.08024799335254,11.704007169475961,-20.433800381630142,14.362839599382443,2.3249449588387826e-06,1.009073261129659,41.89039666443887,10.591096833612804,8.526400473442989,38.49513899897106,0.3038272115411394,45.96425932190093,30.509443452191448,19.8712867073469,392.27374401345617,28.28385327963196,0.999999999999972,1.000000619926819,4.669984779684474
293051,SNIa-91bg,0.1516566276550293,1.8076682406205498,258.6705386821591,15.418515783669577,0.00026536188206696817,7.477704687179962,4.564045423277825,5.533704258930653,7.738186106193753,36.471790213500896,0.4537294050926941,47.52420699075356,30.138559536236933,22.26261367108445,50.78217585353514,7.065673473053073,7.188878405685801e-09,3.5708259271436873,9.898678018491081,40.16019762246611,49.699562607000566,8.765727285173055,9.009929410941388e-10,3.118117703292649,20.884744921869142,51.41742507263177,49.89323526934615,13.414944573627558,1.214071451205019e-19,3.0745653665933763,19.8493939479382,63.800036931643945,52.589372326732416,13.692713807759812,3.931758280290144e-14,2.574764488094086,22.094151601386805
139774,SLSN-I,0.040784756342569985,22.434577525432214,730.6353699886391,3.5094626308067225,0.507936423187596,1.156213134426988,1.034336349574894,2.2628440639054292,207.03234161378134,12.79895680568145,0.030129940065156225,1.0003135175169051,99.9999789617555,30.152234998969526,603.3674582495506,49.99999999999979,1.8080413788054404e-15,31.68275446070079,40.3524302876599,47.697214729137094,591.4512234488584,49.99999999999999,8.168141298739408e-18,24.159039346034817,46.91638316066493,18.14592686014931,686.0983824372593,46.95428906649378,5.5902162690003396e-06,1.3489527509176105,53.64091651551532,37.09874359738345,731.5923406197718,10.330500333389498,8.619352458513105e-08,4.175784152630436,40.560970891497334
81773,SNIax,0.12089172999064128,37.55475662348804,5.977995573138827,22.185408692744858,0.9704215460698464,1.0000000000000002,53.103001196887476,2.1415005042085657,24.331127151283404,27.607901020049695,2.0424377551484307e-30,1.0010764384753543,6.963884883970696,18.871539239861768,463.9690596104948,38.75825542740421,0.9875693286787288,5.908206846270908,78.18037202999821,27.4006541895879,473.90864687529483,22.26687321067665,0.7703265872826925,10.138709954611198,99.99999999999676,18.435209225531118,459.07250254522387,44.49370510333549,0.5559770516484345,1.5316347468717197,99.9136780839124,26.310557278988238,465.27063498049125,1.0000184110651638,6.412240484260647e-36,5.889928129906204,56.16858669745359
321618,AGN,0.18134268124898276,22.476863852311098,820.6102016841601,25.661352224339968,5.743913259929841e-11,56.50529017942284,76.86262295935022,25.497624709075176,842.8046719545066,3.0056571432329906,5.086181220780922e-38,49.930629927925025,4.439106229589411,23.326992843027238,842.8044688921653,2.893748127691864,1.0785922739151785e-38,51.39058034849827,4.543693196958322,20.898653039370455,842.8088752832157,3.6354848790431276,3.752092258489781e-39,47.798538660044215,3.773249858174245,22.009858649639725,823.3597600829848,21.188043458332665,3.408467470090399e-36,37.228416298990425,4.2998603734020096,27.719895359779493,842.7947763421605,7.491369660165271,4.8418640062013193e-23,52.81930367260833,4.050360853329065
286015,SNII,0.1937484343846639,12.570349485696443,472.59697916140817,15.306863267340809,5.203609093618381e-19,1.0000000000000002,4.377131307881073,0.9586622000000001,223.32996374576206,3.0024776425070816,0.0133884238753662,99.99975603135296,5.793504040099348,5.2408523825453495,11.866996373803776,32.61155418170373,0.9999998723645831,1.304282979787514,1.1586023014786682,4.809644768826867,606.6408844015561,49.999999998625704,7.470870533700667e-11,73.65263829987376,86.22850357482095,12.30552093407413,735.9602837335628,1.00000000046161,0.24547175307658994,1.00000002355335,1.5263542722966357,5.461617854840551,238.9203801746995,27.98089586213845,0.15566673596192596,1.1141443340984551,99.99999998452853
143195,SNIa-91bg,0.1513669490814209,6.956355484961945,276.7165230466833,36.520041503749894,7.811908854390314e-11,78.879103772201,11.97518718578609,2.8810123307630757,4.376288630842173,35.24063180015704,0.42131651240562024,1.0002253213297727,4.2404841059611895,7.987063744890528,125.00851106999094,1.0000000000095859,0.414278903252151,5.548994109411925,99.99999999999896,23.333418753883887,113.81628759384995,23.209122221630103,0.9999999997960368,2.3249278313728423,9.724620509599344,22.22927013718733,108.50578921339526,31.700527622003182,0.1908055785251373,2.511759528487167,99.9999999993751,31.141504117348823,110.53607672962498,49.99999999999999,8.376590862276143e-11,6.402654850579052,99.99999999999999
316235,SLSN-I,0.19403529167175293,8.444798970074574,329.7037973582595,43.35604065282687,0.04909117354062094,40.296474578338305,3.935922604815388,31.78241396408564,326.3550612184791,46.41487769454648,0.09571080715085285,31.710251120166156,23.60302701672859,94.26818813154345,337.0169448959735,49.99999999999288,0.5217495298174327,35.11620185213294,28.969255893107274,118.8679007984557,365.4199596676433,18.357121946775184,0.34626900597924154,25.428860990487987,34.54583401628352,119.18522402505118,384.32009513941927,25.85553129694757,0.4979428919826377,35.5651350720053,34.12699829125778,100.71276043190919,336.0478618854651,48.186262157181936,0.02225734235990732,46.66684302457903,44.459811156478835
317677,SNIbc,0.1181182066599528,3.421102301427072,50.79524291796193,28.75899680965283,0.790788124499273,14.354074628731473,33.39587649561485,3.909676274166889,313.292481931466,41.86002362984405,6.2974841606043696e-18,5.729946275233198,17.477731012181724,40.15305499999604,357.4520807882382,1.0000000000000002,0.46443925602076414,25.79481484470875,21.076424847882812,25.00150830796591,331.9264647930837,49.999999999569745,0.42905246049286017,46.64700108216691,26.204797100625726,21.298079258301673,315.4890626433935,49.84093972397651,1.5918419944449213e-12,1.6442913953762894,39.378295548334215,32.62458960252093,326.1859745091063,49.99984519164057,2.0878909898728601e-13,84.91752241116934,43.8820985732154
10150,SNIbc,0.04735191663106283,1.28995496472321,-251.21630679082,11.200929932295509,0.9693872735743376,36.746379036645834,2.1936935646396982,23.303829999999994,498.3252354355338,49.999999999999986,5.101000786397115e-14,14.065429688261716,59.967847062402896,34.53984608232481,135.8031638155391,49.55076285151018,0.8042585787050841,1.0000000000000002,99.99999999999999,9.589970779489578,174.56904631647532,32.762795355703915,0.2179265152621916,1.6244223593405205,99.99999999992365,3.8606143272642184,388.74257146262437,1.0000119247228332,0.018571638671645074,93.79798923350347,99.99999999492965,148.28729499999847,459.624368061788,8.17113436730155,0.928069344799268,1.000000000000008,99.9999999999853
296089,SNIax,0.03224829832712809,1.8059683086916125,348.92571630439414,1.000000529965148,0.9577469795222919,1.0000000000000002,1.9639886755142628,6.516255468666001,39.63299688194401,1.001138431350269,5.550110562363729e-33,11.460935073190985,21.93168845818094,14.614087744775166,35.19650756060413,22.006751211691434,9.801818681924922e-17,7.005467881796759,16.294731876555442,15.20153463030026,37.21076052350815,27.328598036659695,5.255077010580809e-11,6.195088852638017,28.63913478771376,17.824487411526867,42.44411466677221,27.952008445555993,4.448510495964518e-18,3.9066976652326764,27.10770102142088,21.279376410176408,49.75899215852903,49.99999999999999,0.5786464360836663,6.791380826478029,20.098733922913183
25664,AGN,0.08721351623535156,21.45371850246674,797.8762999999961,13.270664403610109,0.18532806928141185,36.22004569466656,16.21926044380842,28.21121627488371,873.7529999996804,49.999999999999666,4.046279927446167e-09,47.61179228058279,99.99999999999999,12.126501344389078,837.9799847942609,49.99612709324075,7.387951619576353e-24,69.25962528954875,3.3651754293002316,15.984096338442352,820.6753071758803,49.99999999999984,2.1729495999308516e-16,61.64746260383592,16.514264942681457,14.414400446315701,825.6698355744788,49.99993555905612,0.2717222655971654,67.95366213777265,3.5182047275059904,20.986458333105425,822.1805542057032,49.99550302986564,4.132108916298267e-18,77.09052238746048,4.942603995761199
231183,AGN,0.0806570053100586,14.438767149082175,51.7121303929875,1.0000000000000002,0.9999999999999999,1.0013383420430892,2.222272308234148,33.57381710865332,4.101940258610237,1.0136251020825195,0.2810901148668667,1.0000118312759163,1.716994598928592,7.881135456257158,-81.11062344794895,14.647206581835158,0.682732537537071,1.7131255515938832,1.8817313865880738,98.5445783392164,-2.721045698565779,1.0000000000000002,0.5567120437826176,6.768105540392425,8.802164284139726,5.3657121625281174,-222.8613956677564,8.805057429945734,0.7432021682054253,17.17389255893532,5.045648762802479,5.341315238825694,-306.2631015453464,9.893621358830968,0.932588186729105,3.605676534593904,4.246143539669298
172069,SNIax,0.06752272446950276,31.163777624930486,6.5870008845666765,26.25590697648564,0.9257028986973415,1.0000000000000002,49.86592698180516,23.205625436298543,138.67383080269016,18.580949746263265,0.0026900306832366386,1.0000000000000002,3.1205168922606683,12.39816694594313,12.509446924753247,1.0002401126163527,0.1484800635759756,7.398588811570997,11.927498312658104,12.793647910063218,0.37035472279637577,15.396023895635263,2.527260626338642e-09,7.891211232155666,23.98923689799768,14.34974189842173,-4.716476839767912,35.04997464670239,0.15293970203352011,9.273657079176116,27.79717513856336,23.322852199172058,27.8038680920735,1.0000001023497815,0.29449105731046393,1.374644627033481,1.0000001161574912
222829,AGN,0.0014980634053548176,,,,,,,,,,,,,,,,,,,0.3538140288094182,588.7329500998699,23.532401012324854,0.11192408690136774,2.731451990220496,5.962341826146002,,,,,,,1.3950075564659579,-244.04597397568085,10.513255558228153,0.976805282731949,1.0641124033808609,2.18657035826946
173095,SNIa,0.08490455150604248,3.047121272605449,679.8559417737317,1.0000260635592644,0.016402962319108972,99.97413858712211,99.99999999999939,29.158910832170886,860.2099204922778,19.76522563048542,2.805775668623626e-07,2.1689305424760597,4.081818661726956,71.32135443393061,860.1714429331031,17.11966925791938,1.1106011111553764e-11,3.08712334395566,4.554080431520474,67.427326300999,860.045085108806,24.636624311498576,1.873540749595823e-12,3.412713916053974,4.424873532591496,51.985310122792114,569.909162692471,5.786462714553696,0.01773855731854988,1.0179007226234642,99.99999966630345,89.80086049755742,857.1641249260496,21.63894149884898,0.24500583974301307,2.4939243546376177,99.99086726991867
47387,TDE,0.04276112715403239,32.08076000893771,415.6723300510187,26.478175865186422,0.7962984807989646,6.651782380817668,99.99999999999999,8.673074805139095,430.63465868322226,49.999845757537464,0.15213219709630155,21.60177368710176,19.538434404593673,6.168372734155854,427.2517785266065,49.99999990566703,0.10906223520908057,12.869599600100049,62.365530941926934,6.501081033289864,425.0783922884111,24.908412079869386,9.599466370265768e-38,7.152340817978156,99.99900941085286,7.905626695083031,457.81461191374115,49.99957671519039,0.3468114163947351,22.055019373053305,61.50030066254907,6.04742478430375,259.09728019062675,8.670436611687402,1.109371190277755e-07,7.207261309431653,4.53963358315026
180387,SNII,0.11587146917978923,3.436901129351655,704.3981670117032,1.8869572640368477,0.9969022834718181,1.509867902713176,1.0000000001962561,41.397105079639076,398.0751397816533,1.000000000012354,0.3323411726677968,1.0000000000000004,7.606012086924719,16.16339423550892,396.2706049988349,1.0000000001315357,5.08757993746216e-34,1.000000000000353,17.687225588946596,9.687393347898077,393.43750372264594,10.304840004768828,2.7360833505241133e-29,5.928999398184929,33.530251271785964,8.468322456518553,391.89862214999386,46.11646907233138,0.20438705534785975,1.0002088672917724,84.80702149417122,8.135987099539937,396.5246833861302,25.681938026640463,7.832329689659542e-16,1.9424148259373413,43.15918172214379
143138,SNIax,0.1738425095876058,1.4283788180773078,-260.63790061542227,5.345122038833553,0.8845721047515245,1.280530355178938,10.26053538368997,4.553383751062348,624.3108597763267,2.902381885943477,8.24465586963682e-11,88.52735892803875,3.255418960695149,13.08002848281286,403.1777326574815,38.26095686058774,0.9443684443827114,4.798650203342446,3.0000037113766416,10.778596925443454,401.3836238060004,27.993840735263472,6.225069828717518e-13,11.882188404158207,17.13980343719861,15.60865551685856,407.2775644644299,26.325879707526042,8.050320726943749e-19,9.176148045695045,17.57993281995951,45.53420417601873,585.7490205840375,22.23567949812109,8.745621689261948e-11,89.96086840489461,42.05821705806967
60415,TDE,0.07237903277079265,40.57695999491922,692.207680373604,1.000000000000004,0.5932212240020299,7.667138377715177,26.76668930536867,16.382214765526346,710.3595518235329,28.595611728816,4.2536726529172157e-07,12.724242264053226,37.83287047679727,70.18236354092444,725.498115787256,1.0000000000000084,0.6082907262691691,3.1279794609979192,36.17529681642916,19.74015571315814,740.64821380625,5.6998993027483476,1.638729134114284e-37,1.0198020791663223,28.91199924252581,86.11636984203406,738.1800436853541,3.1128929944337873,0.7455497883484107,1.0000000000000002,34.114426030285,37.492632141998264,658.9091402429145,45.588790499859556,0.02298291459610737,1.2493644571900768,45.81213460578771
35069,SNIax,0.03646369775136312,5.21472297846864,1.1418190482662276,1.000092215316595,0.85450519219572,51.53227105736388,99.99994991913464,21.24583191927037,56.314615954602445,1.0000350697363558,0.2088124503736292,2.816536763193938,11.047208419773874,38.20072385244994,56.16453028802054,19.53673669107051,0.38830586477109313,4.6924779604391915,14.103189452832467,40.34543096278465,56.173513388298424,25.363034407242207,0.331830706610952,3.7704960398549225,21.25924365314793,38.704217503980246,58.08702322229996,21.16702719527268,0.04810780858547652,4.365202144099947,32.525013249436185,28.558374803492526,55.20220167897991,20.636254891146134,1.0056742626512268e-29,6.325543550584053,22.654276066517433
318874,SLSN-I,0.1462178627649943,3.453797685979704,26.281571709580792,35.740598681204574,0.7743661934149422,1.0062481827760565,3.0041750393325195,3.5855142531871875,73.90102555749414,1.0000000000117768,0.09217912890131258,25.99243118916962,99.99999999999999,12.736053185424135,72.98291646010206,1.0000000002303158,0.013677418720539226,89.64965414304577,99.99999999999999,26.580541109369168,53.82777696155818,1.0005998595129342,0.02092575351157263,55.91255311764356,99.99999999999999,34.208430749263414,99.87510441160511,1.0000004841122836,0.012719087843212904,99.99972205756926,99.99999999999999,183.95559498644315,26.236703663886185,1.4449292363716133,0.7795491541438871,5.408761519913371,99.99999999999999
341916,SNIa-91bg,0.30916738510131836,5.6270891673923495,266.9185854699918,49.99999999563256,0.12790641404674302,71.71778296447881,21.79834725658683,2.69315530026032,10.478804147260071,45.450265806747154,0.4459962765290299,64.05563843194167,8.80182846281409,6.1553455312795124,140.509269119478,48.35400005192693,2.427562672608643e-05,3.024503879304546,99.99990121511604,14.770501983120667,309.5339937543153,49.90830158707749,9.635195025476924e-09,47.27915573522445,11.696780582902356,19.88433214445441,310.8021912507151,49.999491996409944,8.117397014068509e-22,5.387824180582553,25.13193493007694,15.97811848488319,337.38479892543666,44.61744375698687,0.03864450997321519,30.77744581161995,47.59714511182219
193576,SNIa,0.23740315437316895,4.337811305050241,599.7771533549871,38.65668827227324,8.88412501347039e-11,99.3821718114241,32.404131880529434,7.879417793076333,90.35803543454887,1.0000000440819872,0.4523972652623139,1.0000000000358056,7.039747220633605,5.642807044658219,624.2892902608099,2.385954625087223,8.013811136917004e-11,85.53428902709159,27.512886234231736,23.406257784979736,250.80032455356107,46.588072579111994,3.98516233115452e-05,1.5240895179363942,58.27235909326947,32.82463950655563,363.0480761670188,1.0177282862896284,1.0512379441712157e-35,77.67659678588102,30.554127430967224,41.624274659522484,376.0162695610436,1.0000003091065617,2.0121987394673872e-16,75.16377761150271,31.321389993332023
94540,SNIa-91bg,0.04456059137980143,0.981576282782895,119.36110610456727,25.545483931945594,0.9834141165996975,15.225224443888392,12.828303388606667,6.689747749935269,355.77602955708113,49.88664616486957,0.12930755251144818,44.96098183771926,11.5795942206862,40.74412324233462,387.88307352020087,9.984123341586354,6.845406069488173e-37,1.1732273357471075,15.390385767374177,64.8536075698887,383.5930711040381,23.706341157878406,1.4739201663087243e-19,2.949833822368844,21.057118174211297,83.56146197614402,386.02526208078746,22.51917629673732,1.3079548848003078e-10,3.254671698133551,21.9990656910932,121.1796364760465,375.59970310547203,37.67682362166603,0.5007137738583404,1.7882254767506798,26.984631850251734
275520,SNII,0.11954744656880696,3.6199311385719453,599.9852902679596,16.809900600765275,8.319782069932476e-11,81.54927995767181,28.58664153494774,24.399134840347905,726.3316448384712,1.000000000057454,0.6707299616792334,23.213084706925578,35.773128017669166,23.945445959052172,768.2659218009912,1.0000006231602834,0.32500369591836714,1.3799210757970282,18.885991969402355,9.085710308155749,761.3099121352976,48.98179091987859,0.5969818210686129,2.3876158062006017,99.99999999999999,24.554868915187644,733.5208774702563,1.000000000015581,0.6170519653285244,34.16042628026716,99.99999999999999,131.7752735178499,773.6791195521907,10.07993683992029,0.9345681370855135,1.0000000001903402,2.1830413528164234
266706,AGN,0.14568773905436197,26.225720629981478,680.9473063244199,1.0004493775576944,0.01587334415518616,99.99999999999997,99.99999999999999,26.440316873016176,721.2030239970255,1.0001936653979775,0.016379938922186088,99.97333214127546,99.99999999424575,28.917795374666245,721.9856996469983,1.000000001409466,0.01713319016436144,99.9942066151033,99.99999999999999,29.462522322965867,719.4705894704687,1.0002783028442486,0.02709174178869047,84.26385334816958,99.99999999998516,29.674891330429567,724.3326726059696,1.000006551334902,0.014724192549888151,99.99997003863757,99.99999999999999,29.546864671270765,719.6610933480911,1.0003473589922116,0.017192108494144247,99.99834113323068,99.99999999999999
54590,TDE,0.10410380363464355,6.812985356030793,757.3399458618893,49.9996887419431,0.042682936604496936,1.0000000161398477,3.5030538629856496,10.091777799474164,796.6025030958615,49.999999999413596,0.1649521943153033,6.281733616414909,99.999999997196,9.805524155323607,802.0132696847928,49.99999999999999,0.24924576408556323,6.682418069430557,56.093416563648155,7.39604898614034,809.8800314559869,49.99999849755288,0.2082342443843264,16.86366302674326,4.461396848349719,11.72754471894336,760.4336712529108,1.000000000828178,0.5721623248463753,7.443098798877648,99.99999999999999,8.908017072319637,-3.45725197725549,27.235802760627447,0.5145500372687536,23.846659670798147,37.89300188432099
237200,SNIa,0.10026443004608154,25.12523713965159,335.9555967266602,1.0000019854471711,0.8123856010981648,27.476508359875577,44.84929076012979,5.932272752052332,45.08042393109339,49.99999999999999,0.9251563058854876,1.4865690933283897,99.99999999999999,19.319265821366,47.23917401060708,17.368033382176577,3.1795236224336787e-07,4.288104005061874,17.887113880221637,51.80350044328073,49.82628435286828,27.856149175513412,0.3915878353079108,4.997050536050511,17.460122143174146,38.294891927696284,47.53501154415189,37.316348538611734,0.28842102545138804,3.3772808929759646,24.22019773731036,35.98609793148851,47.04442810359798,25.115587400335354,3.199752495058293e-09,5.157248754409912,38.18521900058767
295463,TDE,0.10179340839385986,119.5911125973595,415.44797302182997,49.999854043104705,0.015576133125544617,3.8479885204300617,21.339320939685773,99.01702251410696,465.32495070294254,49.99999999677715,1.1486011842405991e-11,4.413085446620502,34.33704706787296,53.95361676272689,463.00710824550674,25.27089961631229,4.815244912506556e-14,3.427895553579453,4.333189111826624,55.38216945270029,464.9658073437119,49.999999999994394,1.89458170055059e-13,3.8172251025714017,54.70229580217667,37.530734807497694,201.60076147268168,32.622426680324786,0.22252791147513246,1.4928412811288032,99.99999999318173,31.660025954224597,232.23064093496185,39.732191256338794,0.18912555961231342,41.35192271402857,53.781502852157416
283990,SNIa,0.03628206253051758,1.3320111244136914,700.9663453826712,1.4453572389379743,0.008238208187666112,99.99999999999999,99.9999230465578,1.151693375793035,258.5877093158756,10.35243183558083,0.30473291922370127,1.0877974640883679,29.05186025292289,3.8227091804115054,1.3316594727279234,39.782597509593884,0.39325336313500203,1.0022085109181906,7.842346511083983,14.692472054641078,11.016161812762151,29.083291242775225,0.19908904549020506,3.2285029759916055,20.71938819748494,24.802652776024,11.810831771168104,29.927950084969478,0.36390377189601086,2.5612351990429945,20.618002080704525,126.42295999999732,4.172083039159399,3.111273048235096,0.6514512808098222,1.1245681065213469,25.081697426754868
239384,AGN,0.015821417172749836,22.55865715589766,373.6085651153471,1.0000575260417077,0.499232757843069,3.3264204262754866,2.3717058209095283,,,,,,,,,,,,,,,,,,,1.7683649239740138,-426.79948066306395,1.0016405544014138,0.8864906695941381,1.137407685406437,3.067111937742812,2.6863790021380645,677.5708322824387,5.735075530275883,1.770526147602914e-19,12.872160590139574,3.247589750680874
175848,AGN,0.03526441256205241,75.17364402749564,5.128064136238138,1.0000000076474564,0.6735959568796839,2.0268533186867526,99.99999999999999,22.924215981315577,-18.89630380670365,13.395244187845568,1.927863193724448e-14,1.720187398434652,42.83757476300886,25.03370601589866,-19.878707243078544,14.32100286615336,5.353764528484785e-06,1.4828974162068678,42.358865886905235,28.89332783801081,-19.250173237965907,14.018578608159494,7.189190527765548e-07,1.2009453830521437,50.46261347652663,32.47613436895162,-18.15710663518337,12.872306428430566,4.654158543185952e-07,1.5131441938322772,48.821985900744984,95.08014804323031,-55.73554099485111,12.452652125203864,0.11461274537353643,1.020512041581689,46.85804203370882
149121,SNII,0.04894149303436279,147.34436574377293,298.1209326800016,1.0000000000000002,0.9719067663809242,18.541812416355075,99.99999999988445,34.92286310034723,478.462344091188,26.07010332044586,0.8657616350607645,1.0000000000003328,34.540524244082945,18.303898895208615,478.6493318343477,12.752186041981366,0.3335764051012437,1.0000000000000002,53.5990789950781,18.16867772107538,137.9688232037399,1.1873416421304326,1.4274309315392819e-11,1.0000000000000002,99.99999999999999,21.042147465255333,478.71149824586394,8.893566244179656,0.4712716770941656,1.0000000000000002,79.33928925651405,123.06334499550981,522.2474775962701,49.999999999781956,1.8033627177426514e-12,13.04025111117429,54.578341321224386
328842,SNIa-91bg,0.19630523522694907,6.515063855750656,216.97798674144542,40.0574134119272,0.09999823965787147,15.391361820647113,44.62716547438232,9.586814363947994,704.7041851597173,37.34228187970162,0.9556742420722577,1.1217126368614458,1.045456083472466,4.733822634917425,0.18808814617558056,19.125687984412924,0.3425695812591861,31.13278925954811,43.35075423758021,10.70345700561435,-3.3477091910459658,11.300767300477242,0.7867049010427246,1.0001048111081892,99.99902780644591,17.64556020944477,-16.2552427300826,11.960426118538086,1.0797472172126975e-06,1.02555914128474,30.463731912399524,38.15452392604379,10.779578231917917,1.0000000000881253,0.19223423143386834,7.1327046417168765,18.23392940767419
317857,AGN,0.02850619951883952,11.837077844815868,736.9857517938457,1.0075487184200158,6.632428749840058e-38,30.673119553731397,69.97257262997137,21.799600720014723,1.002201001521455,28.108390928465884,2.3093885844104795e-08,10.497354838607887,25.748337725368174,22.9117070059586,-4.660133836362314,36.57345983141835,1.197745623081257e-16,17.859449235985643,28.76954576015025,27.28118032676435,7.1641413908375675,20.883963743284976,1.5869859353801523e-19,13.34472562520107,24.077642120064155,32.754248391185534,3.124147842013178,24.79089567646939,1.9602781817568873e-09,10.82314031523185,36.17251519098007,65.33564425841888,10.938115291106197,5.768236054873302,0.4586653468730902,5.729725947086785,40.23446184704809
194324,TDE,0.11053860187530518,32.666279999861636,110.72544518897138,49.99999999999999,1.1606503428329412e-16,9.652373594505434,55.86828650522733,6.924487910484349,678.6430325169813,48.69982663914488,6.989920615277573e-11,75.84315815321817,21.652762493813704,3.929390138851082,100.12396974493583,24.499687126297097,2.7685022409424733e-15,2.520667278931535,4.373398501325839,6.437961728073462,117.63422035404687,1.0000335774213256,0.4023645175688287,1.3259480608805019,1.0000000157482856,5.253217737579805,103.86892766119085,49.99999999999999,3.398226541010344e-24,4.009787538488852,99.99999999999999,6.1208229924730775,104.39332696219155,49.99999999999999,6.694120468459516e-19,1.0000000000000002,99.99999999999999
132352,SLSN-I,0.03181648254394531,28.364964999993152,134.02324926814148,49.99999999239892,3.800857194492739e-12,17.346757131635083,38.990224932962306,8.352078494652678,116.55675318575118,49.99999999073427,1.1069818373936969e-11,1.044174668650266,64.0243793372077,24.775774327093487,127.1520691597915,49.99899286834244,5.085885413932398e-36,4.95411256023756,63.63908968586195,37.886264999999995,234.70907130446253,49.99999999999999,8.932164372620667e-25,39.49448962589085,50.22668363225344,88.57757499999998,135.94056157162254,49.99999999999999,2.6160565658842114e-21,6.131436175541016,89.02234759337662,108.53670999953071,177.3140081813646,49.999999999998984,2.3387837194002877e-14,24.504003891182748,68.55336938151831
264319,SNIa,0.041614413261413574,1.7217873933725663,58.615792644780356,49.999999988463074,2.790596565146856e-06,1.000000000000032,34.75330512237913,7.462536220936818,738.890551038519,1.0000000001134532,0.7064386659182216,30.77997676711117,79.31781119283042,19.16928479554649,817.6635494548325,40.10697058714857,0.8943384133567733,3.7286970106984882,6.846523274397968,33.053702228337,816.2858006584883,20.906803836804265,0.18896662877420584,1.0000000000625027,18.73570991952205,30.304845183806993,811.045992597053,30.727619848889592,3.0252975556780095e-15,5.886968585009454,22.023726603323237,29.885879395920814,815.5141151431523,28.145090734782944,6.778440839830407e-12,1.0000000000964866,21.793020243547005
301669,SNIax,0.056621273358662925,2.042367399983414,347.0364670806187,45.338037012689675,2.1221847970602093e-21,1.000000000003049,3.6669196691085415,1.4767648110620093,654.4748163947949,2.923037877547248,1.77682853073061e-14,13.144023131616999,3.6373405612803147,11.248677831721952,810.444884740181,16.679848050966914,0.5850512675944066,2.8097097266175854,23.258405136146955,13.053152367109558,812.2081696978623,11.246233723355667,1.2639925464093193e-09,3.6904606424253203,15.826481368814168,4.87538926411283,805.7582380964963,47.60963180706949,5.1877290749416805e-39,1.0000000000000002,3.871325574105019,78.6991706438066,830.3614609993913,2.6990485687892023,0.615243135406575,1.0000000000000002,7.387896919641863
239729,SNIax,0.0955652395884196,19.63579067827601,6.3846903244673,22.090199995991654,0.9766560098134233,1.0000000000000002,22.90960979331601,1.5819198493953566,617.3010871255165,38.71390759961916,4.294727191718515e-11,76.37278420102324,14.6286660861558,21.778978367937455,84.59598681590741,1.0000000000283915,0.22122129035631632,5.4880624297207365,11.990157581631701,21.580108577189712,70.68050327916534,26.69242814239558,0.23225141414003708,3.5574603050999754,12.910339679975376,21.0545639636623,70.00050692874531,39.484078370583234,0.15212091562406552,4.111447436518836,16.190145300375278,22.98814225719063,77.64663640441158,28.057033103405583,1.0819487319338336e-10,7.063077797467385,18.523822934988463
261883,SNIa,0.03835062185923258,41.56991732217004,630.6717829417331,49.8236471686507,2.8678038902160004e-07,2.1605110639963403,24.07335382059719,1065.5736495533565,735.3005566652939,1.0000000000000002,0.5106313643533427,2.547436086692751,19.972089591298854,295.27101843470047,746.756749877637,7.2049797222627445,3.6966356133689436e-21,2.082384031343358,23.537788320942806,209.87305785204651,745.8775134449764,18.291806768833865,3.479144047336827e-18,2.0333972161260845,32.751867898226465,168.16254127295488,747.2715919718822,17.354068742742268,4.064616495899529e-09,3.122499542486835,37.15866075031808,168.33548671743705,743.6119205827807,31.21560263602535,0.5002494025618992,1.5850601969469842,39.91248994902404
177469,SNIax,0.207938551902771,6.597388222521517,618.3818482723882,8.38443296016044,7.883082143467209e-11,85.55924237093315,14.442336582084828,3.056128328512413,1.4290895995532193,2.1876753267733675,0.43378392180376546,1.1206307658429562,31.73249034945811,1.0626209102528195,272.41225661319316,7.331576593849231,5.031922380184514e-07,9.040206911831861,5.534422714603384,9.178300398219276,365.84298177449386,1.0000011538488074,0.5447782111551132,27.57431515789347,99.99999994736046,7.263058671802805,209.24520995076864,33.86992544252838,0.6044674298854525,1.532056908673848,99.99999805683993,25.31656681309071,363.0587680531975,1.000000000501744,0.6081725179031883,30.68261287786339,99.99999999770411
214746,SNIa-91bg,0.26000014940897626,2.903771241414633,259.8495710454876,8.867730656637388,4.7463806092393945e-11,47.02005252939757,72.42553266093574,1.737889263350191,44.65487547303658,13.437916174829493,0.6516431711329347,13.179179600676825,46.873066171796474,2.4553255177533995,64.25197718006591,39.591565267976115,0.7965838929564654,1.1307012682695214,92.85677926944362,9.408128429951102,66.62046162771921,1.0000000024518638,0.17285156286765074,2.3508233531549028,23.214315629792942,28.646627384078503,605.1561310207741,4.096766259729859,2.832786108209493e-19,6.945076722360355,5.679506133575456,14.074208483122021,48.52277063458222,29.165608312968608,0.51024632384224,1.6948325662034982,37.17108198538964
207132,SNIax,0.04887851079305013,12.879964911111854,390.40377793792476,22.51508919129007,0.9999989376787949,2.0158358595394925,1.2145670171430145,1.404003054154471,538.9957803834614,24.625811258132217,0.019483360528000978,1.0135677288720961,99.99999638532468,6.598829886435789,42.25204087446474,18.525748669454902,5.932389442730382e-12,2.9271940051509175,15.780603938458333,8.965666320945857,46.9294686229045,17.12672132219976,6.924217134434348e-11,4.089884527675147,24.87669293096598,9.61789453018247,46.24469863653805,29.456902884301066,1.342176166859063e-19,2.5197230528149746,14.266135616042838,29.269425652907255,60.44442496027226,1.000000000233107,0.44893104148849544,3.7246750219038485,35.86390630511271
159815,SNIa,0.03547012805938721,10.690258311217269,1.7291483112301247,3.0442088854924503,0.9999872305945925,1.0000000000452434,2.668364944061146,85.49458269071576,687.6124870890461,49.99999999910504,2.598017826734641e-15,43.085650833617315,16.828461266112093,140.76737323299537,687.8988352215798,49.997779828084276,2.8213721900517556e-10,1.0149976986534865,20.142776794595942,145.7351057855697,688.9376184436655,49.999647809102676,1.6263244063289193e-08,1.647778155671201,30.618305305301156,141.36044242292556,684.7202776587358,49.99988318778243,1.0785624730707412e-14,5.002826578806107,36.20950990064267,377.92777976560745,621.8452300961324,49.999999999898,6.794370745188875e-10,26.253175168488568,40.24928887002798
255347,SNIbc,0.05253183841705322,26.108769967859317,383.5880428366413,1.0000000000034825,0.9999999999662221,5.809921341317318,12.226116879924266,20.728484467312843,751.02400382541,15.034501655147084,0.4819874706195014,11.656477971282998,14.146907251984093,38.18429931696696,755.8345851467293,1.000000654753728,0.011634782826785317,17.665183639609445,22.8126338200487,36.092907697660316,746.5081341837611,39.10764529918247,0.5114460249067723,8.195950644356198,32.70027238509721,40.36389838297675,745.5849851157444,49.99999999999951,0.549489004098954,7.599532017530141,52.15966755708213,31.3548010453112,747.5056524645292,31.217174691151722,5.479424581479939e-20,4.84676087689952,75.55502620154475
1702,SNIa-91bg,0.16837469736735025,0.9682071170495898,605.518106876759,10.006891329125551,0.8765750907462915,2.046860409336456,2.5231204242117116,24.15981999990699,7.538116131441629,21.00778895331309,0.965861379423501,1.0000000000000002,99.99999999990082,4.000036401196191,706.6851943963884,49.99870551220188,0.32577947487302295,99.999461352106,3.7245590657512735,9.378579003240839,373.2476753204961,9.307562119960494,6.125063853778693e-36,2.8590725030732798,22.365331925762078,12.202974713690159,373.9424518607901,11.364500266792996,7.10020435332133e-38,1.0000000019639153,28.160729770726935,13.554720276176848,306.0185396528999,49.999999995267935,8.7168327152828e-11,84.91248361948294,51.797915776621906
106263,TDE,0.058260718981424965,9.268933458710766,768.092958890978,49.99999999930074,8.135752745294914e-19,15.472797179700063,99.99999993495057,5.894100076289525,795.0554079843026,48.7870706493474,1.1375662111529622e-08,1.0000000000062732,4.168415456616088,5.846491418150426,800.3231365471746,40.618028802054624,7.486259538824915e-08,6.437811020666669,11.768772602689307,4.281074063555727,797.4011556539734,33.33938542953744,2.0510966169759283e-34,9.044210720350758,99.99247846960164,4.99593990626596,741.2750268844065,1.0034631528565359,1.0364029192066917e-36,52.7453404540102,99.99997549593986,7.270826455317918,764.6514359667535,1.0000383941572164,0.03703896207652509,59.36911019541396,99.99999997606267
92522,SNIax,0.03418811162312826,8.046106589966367,2.332960490735876,1.0000000000109117,0.9999999999951151,1.0000000000561475,73.62377544737288,8.862514065015938,830.1727490746468,10.213351229185612,3.583822701683419e-09,4.456501163451841,14.244127391573361,15.423428823328162,836.1472804206362,1.0000179916465421,7.748600797252539e-14,1.0000009976960296,16.38615507717857,16.306221335032255,830.3704542394712,26.304446958158238,0.6582836262195886,1.4740756428976134,60.84385341655423,49.89019433628336,834.030251280936,5.9452552080236325,0.6867312725427945,1.0000000000004037,22.15025635778672,10.517917813796771,825.9337066520069,28.647041372359563,2.752221682769559e-07,1.0000000000000002,6.364924798722954
49038,SNII,0.1085820992787679,4.853741156688524,4.728170437246847,3.4247515919799376,0.4804030399414775,1.2162876272276963,36.717581584755536,1.3283770000000004,703.7496848305882,2.4156436043139373,0.009506383407546105,99.9999999572712,7.498005896608483,1.9886344752515765,540.9581583074497,3.255293211499084,0.2148103202250681,1.1975806420666206,5.15309142450989,30.428664999999995,7.266888023597283,1.0000000000000102,0.5427656158408388,1.6296829535853805,11.22658379666799,1.4672634000000002,446.3927537190465,41.29767671807974,0.5961736452345904,11.657006271287878,5.235283693059942,93.28110499796858,493.2809407550083,49.99999999997683,2.3683576977102664e-13,5.8389863455141,60.21832484492034
163248,SNIa,0.06124905745188395,9.601367645540773,322.34381771123026,1.0000112966984733,0.5289784567561059,1.0000000000000002,1.6880978116046357,40.60619568680771,734.2659450967392,1.0000000000005123,0.44332203995081937,2.5739515993105013,8.480830467308898,34.58684420290561,26.05264313558214,1.0000000001468283,0.14327087705517114,6.030072741957095,10.205190029901212,44.0252614226006,10.182925375662121,9.56851163018829,4.4149176251919045e-11,6.45645307711089,22.264144083820195,36.25687705996461,8.864544579318055,11.227835802860465,4.742768330665209e-09,4.543426291648129,32.722864205300304,32.463809803296286,8.909424458823285,19.023521183843283,4.6049402446429985e-09,4.692780447761928,49.95158971778053
180930,SNII,0.05263046423594157,0.982895436235901,741.3784325045361,1.0036353478628393,1.319441668414044e-29,31.578818082831045,99.99999999853713,22.94852058376274,824.6986867696755,7.538915887658308,0.5564170648373554,1.0000000000000002,14.490882957204569,8.370659754652399,823.368420016815,38.75958943911206,0.839176651726713,1.0000000000077254,5.275370678715585,8.894595668486078,829.7865234706449,31.9774034492606,0.678547106962318,1.3021520417025958,5.272382176515574,2.5568592274668864,734.3721877101099,1.0067412262264026,0.3571699104534741,31.292658741116263,99.99987041987158,8.157157503323463,635.370170366299,4.448528178694783,2.533991585135907e-16,9.760548968771284,4.160159531853212
42576,SLSN-I,0.025651931762695312,148.83308091561412,681.8280282565468,1.000000000550594,2.7053448098955203e-13,27.941923582024963,21.1904097307916,170.92152962668138,701.4576615291923,25.580592150839735,1.8674458840262195e-08,22.45547690175939,34.54587074677898,241.7950018754909,708.3849931015976,18.293962471274664,1.3303336155949351e-12,25.963738688589494,47.02190305761568,211.11485536480814,704.5219985635159,20.38563201093984,1.1517489269022889e-07,22.777934683496433,65.86143054878723,235.57891550738816,716.4875876523558,15.45380204446974,0.021521918346291077,43.00004953722951,70.55415010673393,167.4382671810971,702.0076329475731,34.50117388556187,2.2245395869224885e-19,30.575254067953303,92.1727868185497
29550,SNIa-91bg,0.10330450534820557,4.813103011369938,258.4464242186894,42.17895990016241,2.370666011722638e-11,37.28872210754045,70.76816006972571,12.134720253180385,31.309171378457215,9.706813553135717,0.9059094845754496,1.0000000000000002,99.99999999999999,11.44310709447307,102.68455976705555,17.52565334018772,0.15940768420290843,1.485391093720653,5.843196222033276,64.1989599628449,118.30847089202264,1.0000000000010345,0.24422452828962418,4.810978323058324,61.361805374265124,36.09410572388756,105.64255929550669,16.687212508807185,4.6444908543117704e-11,3.0517518940229853,4.801672215245495,41.70924745907654,103.29466918984785,21.23321297721003,6.707384368840981e-39,1.212947037137549,66.41837151510643
62430,SNIax,0.12476197878519694,8.457663235971518,631.4851608428427,22.953524376174503,0.0005305025285367288,22.696041834824427,9.789811230674658,17.57288174891778,329.55886732058957,41.495365346103505,0.5125261727269124,31.15399189493383,2.963955177692793,6.926398069657619,686.4466547179044,49.99999999991946,6.188708342498228e-11,65.10870211581548,56.63363301071205,51.03242999999997,626.8328747950186,49.99999999999999,4.6940002491398737e-14,27.151294067470577,38.0693849544749,48.70058999883517,629.0548902078061,49.99999999999999,7.837811473604281e-12,33.093473315645035,35.83376756253016,4.368523987543168,301.1474586518161,2.0662018863885994,7.819712730199336e-12,1.9130055556646326,99.99996963050417
53377,SLSN-I,0.041343490282694496,24.33751546343113,-18.050741272948642,10.684391757889456,3.0653988068251054e-07,1.127619114514423,18.770727011457275,176.9092620505501,1.8724159984262585,1.0000000000119078,0.6756621773902266,1.0000000000028193,26.168943375184163,230.74961220135404,6.069525104017009,1.000062707173719,0.023969471770511414,23.865047358369814,27.77697642715968,245.16650311666427,7.526692248885192,1.0000000000004232,0.08427482667865133,14.357868178217863,36.17841073098725,230.91913982183667,29.19443468290451,1.0000003159765845,0.050177025295040416,28.188328355777934,34.62170119722638,303.02095632155823,4.903454049981404,1.0000031019081825,0.004178169159265194,26.033310021795337,44.18185879618849
44903,SNIax,0.058644890785217285,5.361014574278448,103.82961552876736,49.99880693903966,2.3519550839743107e-09,10.58771519314415,75.54633218256939,2.3754561573179735,370.1851981355686,8.353671410386026,1.3771080959992215e-25,1.3987173841944873,80.21972974775804,13.016499583305759,380.4606288201742,16.963823817666633,4.1734273169713814e-10,4.226126333028522,15.846639822960887,20.0945461207986,383.06509498409577,24.61038383979162,0.15888718056009346,1.0468333182545408,24.829016027673187,22.195190725966057,383.7774767336918,30.787869560938336,0.035381614040268974,12.587937116955766,26.704786521495738,34.11126990984474,399.2550039650953,9.47680405521673,2.8337901654833985e-27,11.017974602480198,8.144243339224515
263730,SNII,0.059410532315572105,22.023439999972503,61.90127215279828,23.06242997583202,0.9676457491643025,1.0000000000000002,51.4606666951618,10.206262184252031,814.4442424354435,30.841518442992005,0.9784521157594225,1.8750138926142923,99.997008617462,16.775477467217385,815.4239491956126,22.11301696147909,0.7748408059990495,2.1480272030982226,99.99999999999999,15.445267799921394,815.850436327797,39.78866441601193,0.9999999999984511,1.0000000000000735,92.10615163721351,10.549588717824596,825.7631579296407,5.8893273561374775,2.9766402113648318e-25,5.625276849857172,37.003169002366576,61.38651218166965,429.3168036793462,1.0000000000000002,0.7885180666080356,3.3305530643788437,11.662823492040335
169239,AGN,0.05206803480784098,62.64560614135602,116.66518979692485,1.0000075229091554,0.3941684019452403,1.4092654528906614,25.406180093535983,59.99567957001817,131.69332761181974,8.946511888027416,0.9999999804371332,3.4809727173622864,4.47651231687491,36.679584798331895,136.74315379921103,1.6670007592248797,0.9999874230980385,3.892816818584701,22.66076553874457,22.715171064676234,137.5483201542392,1.000000009865393,0.9999998017730165,3.964141862210126,14.763642127634741,73.60090689142845,130.5667993914817,10.541632332680154,0.9999999999999999,3.866586908351335,36.168672486273536,41.09708059500306,126.21919451343541,21.89719039792009,0.8695061881632358,2.0184116379508565,5.489495689307296
237722,SNIa,0.10001945495605469,0.8883751495456554,169.5252794661694,35.211340287696004,0.9999999916679767,3.1226990838203355,18.883803352000886,16.176556436934312,315.53298202422843,43.094428801354375,0.056844995810688415,45.70242650238198,9.916224797100444,58.45079792375716,302.87335752623574,47.98990235973182,2.171582399961766e-06,2.6580307559298757,19.27073962337783,58.588954185886735,303.2162847308987,47.75590199854863,1.1183643982795223e-06,3.989470526318681,26.51172823883765,271.64689999939037,243.21421993158995,49.99999999999807,1.290866822937821e-13,20.091905145584576,38.44642905820182,67.08584677593944,366.4913822057189,32.48434431016606,0.790916914051548,47.499285679349654,99.99999999884541
41282,SLSN-I,0.05344132582346598,11.920354234669926,628.2020215522004,43.45500395450163,6.981907480915356e-13,5.0094438441872216,10.11321310624625,20.636369195720157,692.785093679406,49.99583383616528,7.275135257490478e-07,37.18942442475271,28.070698381012058,65.19467525549226,744.1074831630694,1.0023825641788002,8.57402789670021e-39,38.58375788063298,34.94068505751696,106.02481631318221,731.3057292813355,24.899936285701695,0.3711908958615028,34.123197257219196,42.8516240343366,98.6016156694147,744.334887627006,1.0000000000000175,0.07245577554966019,21.715442005475378,48.80482934242581,78.12512243126487,784.9432506050781,1.000058825077348,0.0254304601625243,55.3793539661097,58.1173552421985
16905,SNIax,0.03584468364715576,34.42226806845142,15.881056222951642,11.186096404607232,0.3008609237806995,1.950874669888902,1.8712560135938066,1.1500167959084115,490.264338435734,16.14240669515416,0.0014174427411405767,3.934019150122989,13.174689177694693,27.005069531806065,782.0342080150357,1.0006295892045498,0.10085751623186749,3.4179050746864337,12.045742856568774,26.18335220839105,772.01100619509,49.99999999999999,0.8441543617961934,8.344583579618357,50.562574491643595,16.789326347143852,779.5349524921575,18.375958964072687,2.037795193819294e-28,1.0000000140012464,37.29126077033427,20.197371799761846,768.2160233916419,37.36546396454517,0.003313242709773004,1.0005954692086272,16.753834312192637
200048,TDE,0.07748810450236003,122.35075801153884,685.4807177487555,25.60371660946285,0.0517844194180316,31.6528968060569,38.2905975363838,118.88704711482512,730.8338510129026,12.644458181785538,0.24757605639838334,22.73671271616425,33.443090513331924,224.54579845016244,735.4217153552305,5.377105984647291,0.7305850782394204,1.0000000000000002,35.812645151800176,166.33523151995303,724.3401358412763,1.000002507653755,0.519718947288156,15.455540269057066,34.57935680874141,53.41129333425192,744.1160782695687,1.0000000000001665,1.2279939682635524e-19,27.155950512725475,29.98517885932679,161.78884241113332,727.0755164715815,1.000000000868813,0.604922374534436,3.0840696369108835,29.191086272183306
103126,AGN,0.02684672673543294,12.902898758916656,-19.041443013514748,11.359859423460149,9.924619184698599e-05,1.1514574366217885,14.786614462012835,6.454485244779888,19.7144689984214,49.9999999999896,2.509590246874492e-12,1.0000000001252123,11.480159632470006,6.33751046068451,32.578329029599466,49.99999837198267,1.3153495298605276e-17,7.911949258719597,3.9236539319066193,7.71278230901236,33.3380335932254,49.89241680645774,5.661694480777817e-36,7.129206464423181,3.6362150844120578,6.057373119247748,21.333354636902044,49.99999999733331,3.1409097677997013e-18,1.0000000041452033,11.13267775260461,10.405738729364066,34.556463859990686,31.85640550943794,0.29409032715032485,5.616344750183956,20.79601706397186
120914,SNIbc,0.1317216157913208,1.9500645795241,743.6798241397878,13.215588627127959,1.767779597430072e-22,6.860391112578496,30.95686988219208,4.960337922648953,592.103873344648,23.137599237442082,8.502612708841862e-11,84.78521399780686,23.163913603415544,20.74653362913206,836.9566256872508,6.611778544154738,0.5196832100543116,5.927614111770457,99.99999999999999,13.6928566449418,825.4096860864317,26.9779640869409,2.2876425062244023e-11,6.402760684179471,4.56009686436751,18.775357807916933,826.7375268356359,26.29419518376131,8.843378029562826e-11,7.387884707522112,4.794664469361095,53.262286671741215,842.8176350306317,10.663124343908061,2.257793660392795e-27,10.173761263532825,6.068302139663508
181400,SLSN-I,0.1428765058517456,19.459634999999853,445.6675367858909,49.99999999999999,1.7241665587101348e-19,1.0000000001999843,37.132579174355484,5.622996006767114,94.92987032697272,1.0000200784945255,0.33576124771940297,1.933219525084136,3.7382736587602925,4.202558120818145,-10.165360523971842,23.445313854838368,0.15961546922367728,36.150260181559666,60.330699279227176,8.561984231058922,69.6646571942128,1.0002951716816748,0.022888165182443937,70.4570029560204,99.99999999999913,17.65904851809585,31.705474200592345,1.000000000104314,0.06941869476655446,17.298462837209364,99.99999999999999,22.184186182703023,99.48963755858539,1.0000009319087053,0.03277985059396785,46.41090725688188,99.99999999999946
150122,SNIax,0.1841615835825602,1.9436740168538509,677.2097142712372,2.3991576437880093,7.909354982017092e-37,86.32866648724962,99.99999260266912,1.9723104000000002,369.24067318904025,13.523255657761341,0.30686112007151806,62.814377559696325,99.99999725166475,14.56370326231586,466.52483982210344,16.21805936699314,0.5656527913716695,1.700922214216057,88.59950751505292,18.468496235515612,351.5665752084241,1.0000084184402571,0.8219406319297248,25.445648589310466,99.99999979996646,18.390399179792492,351.04317619138584,1.0000834273364616,0.7951463381986069,30.189371679098326,99.9999376095387,270.18022499999995,719.607204190234,1.0000000000000002,0.8437596579496304,22.333654847810124,20.58265538414718
196759,SNIax,0.0949858824412028,3.431826160417579,639.53203128074,28.495199697115645,5.96793991627813e-11,61.7358618150233,31.26626443146784,12.912856120813307,10.456258871587236,1.0000000000616234,0.9778998557642226,1.0000000000000318,99.99999999118316,3.2434880974794926,748.8537816772881,20.865443704241855,2.0434756736335984e-08,1.0018602447408786,21.3404962640008,6.465414566103022,746.7502769560043,49.35008754278281,0.252641737432094,2.7439951405028307,3.2699837302358756,9.23123040070226,759.068191589716,20.231122145725482,1.410384968326582e-25,1.0000000000004015,24.924357974646114,14.880937197599707,734.2246962235579,49.835105577993176,0.10761904150700914,39.734016208904066,5.589731549362347
210375,SNII,0.16438758373260498,8.741195630097401,56.076646155666296,1.3396546570383419,0.9999999999999999,10.413598669809486,3.27257912676909,96.37118483372561,674.6089575807523,49.617356325925975,0.00022966431647145763,38.17628417968774,24.000425247471856,150.77652192275556,733.8017184580207,1.000000029409172,0.3567587376679785,16.931665799880697,27.5207218577917,167.53770616865046,732.4029093189572,1.0000000000021603,0.4443677205886906,19.53937684231932,41.104191080968526,45.96007179238554,742.381161679603,49.99999999999999,0.34101076755717064,4.724145771632636,53.11007877865121,87.53827183675601,768.2361676876214,7.128974846415757,0.49796398693316224,10.283950704124477,99.99999999999999
69473,SNII,0.04440732796986898,4.240430838500965,98.02151072070492,49.999959694194445,7.84007669629518e-13,4.43013589865935,96.24320338779935,3.888529709193074,421.4778270099317,4.064078658463483,1.462488272579704e-35,5.046732434436792,12.558595137299047,7.547580502009349,416.5559124095818,5.531702626068103,9.621830857276426e-15,2.8849993743748676,17.475927229123336,4.900221993942278,63.846231345252576,1.0000000003324596,0.23303728915744784,1.191755297789339,1.0000000000000195,12.239280959211106,146.48471035159977,49.99999995580888,6.183954323475633e-17,10.823502002867189,99.99999999999999,36.62185571183324,718.1245205144327,1.0030942351066576,7.703113329042392e-25,78.88147416416354,10.296486362374043
93887,SNIa-91bg,0.030453840891520183,1.500611268734728,736.0202886789596,30.8099320572175,1.7814229112021963e-19,7.961572649036519,4.141871076830086,2.950193536459339,112.60965321174969,1.0000000220886789,0.2903051713224416,9.305460195753797,99.99999999999999,8.528797294557355,82.4433908619919,11.874722054848723,7.353790569995858e-09,4.548602302886569,12.787155967484821,26.082306720046848,84.08457441339158,7.096252112297122,2.6409928873474773e-10,2.9416788063011783,17.319208124699287,54.30567082904538,87.36093778608766,7.197823317201834,1.3704081322370778e-08,5.5054775603840636,21.04841181563654,44.26874094111262,83.80337100258609,16.709965211313314,4.2299815010825492e-19,1.41865556429345,20.146837349342018
17046,SNIa-91bg,0.041324218114217125,28.028414939000427,31.826385159086232,1.000000000000002,0.9532076277103904,1.5963853261594314,99.99999999886985,5.353443407153686,11.153759186692463,1.000000000045726,0.6027988741381957,2.9450339343941785,28.669683742243446,11.459949624802551,-2.519633213720738,16.733795573284894,0.5077637353630916,1.0435576005843068,60.45108806338136,86.55821198646726,-29.839872893180722,49.999998642709045,0.7874898713845656,99.99999999999959,38.51422994373589,42.00197715374946,-22.941479854792405,19.232638021072294,3.5381737719136875e-35,1.928699298605452,31.281285320564315,45.71372857548303,666.446542245456,6.5762424987886465,0.13142759547827332,12.30623484522906,3.0764920426859805
71533,SNIax,0.05584069093068441,1.0117372000000002,615.4702223564178,47.336902888857985,0.2915305722263813,85.05260202698425,7.876865030113995,1.7295754344821623,146.6553285630346,49.8756456787614,2.0804051761719235e-31,16.359055150640064,99.99999999999999,5.7911084476424115,801.1027898490213,20.47361448915503,1.3066860260478901e-23,10.09926819262369,15.132266023043508,13.177539772093475,795.8045733773916,39.439142958330265,0.07075281019908343,7.835272569456793,15.283520241231965,19.349373925379123,805.193794011322,19.09335162035794,7.444939756209831e-17,7.380999383959469,33.870992267171296,144.25184986616557,785.894598002356,15.959845889095273,0.8591995661731308,1.0000000000000002,99.99999999999999
159214,TDE,0.2089844544728597,27.657100982846757,382.2280472191348,1.0099434986174358,7.108840182199209e-39,59.1882358692821,99.99999999999999,22.250975972937148,438.7145520188086,1.0000879927082624,0.030935626688674393,32.61399266739702,77.86716785343108,14.77652269192643,384.65934488879594,49.99999999999999,0.22600803555390356,38.26885065326824,99.9955485741636,10.333663586237467,413.2091115914898,49.99999999999996,0.2015181598218591,26.32944486517897,50.37912214861234,14.16955270644286,422.21596349784176,1.0218587405501673,2.798258223683765e-37,50.12905194689957,46.26537929041147,78.83110176603975,507.6746048979789,49.99999999999999,4.215413862103152e-14,10.23826779718491,66.67373265845407
51977,SNIax,0.029052178064982098,16.503826604608044,764.1469912124145,36.319336902547036,0.8895074003284593,1.2029273544359427,1.1277633645893594,19.347894996912174,575.8895502992409,49.99999998586931,3.8687734673455605e-14,28.714955318161202,65.59543086382082,41.95378879711794,647.7843688395342,48.288508610137164,0.0047480705097688106,6.577127875604348,60.73784533289676,49.81204653252761,657.9085522656518,46.863099639013434,0.009360632048664065,3.295820047513815,56.224992456607325,68.90547340509808,738.4166220391564,3.108628936649263,0.4273754858764637,1.000000000026748,36.34894010155073,64.94480578686111,747.5300464036695,1.000000383666586,1.097753209427413e-12,99.68114540874629,19.269971325676885
241704,SNIa-91bg,0.05114742120107015,2.1200201279695667,87.56343028600237,26.173888261401313,0.9999999999714723,21.928394986733565,3.10231798716082,0.7490662000000001,282.5835480372197,1.0001292128405352,0.0065818902113974715,99.99999999999999,99.99999999999999,12.352844951426121,431.21785225243354,1.0000108734584863,3.167974698890594e-39,10.808204023750456,6.745436179187498,15.529078004868067,424.09770205139114,35.08404157052582,0.933086528457213,1.00026874607337,4.508891157162581,20.84249760299504,423.45981501109,18.726864955989914,5.969356773920632e-26,1.7865984123324619,25.68678501557147,51.29894596746909,437.89977929202445,2.479224749384797,2.9529129129179874e-15,1.1490725990638067,1.0000000036787324
166415,SNII,0.11417734622955322,1.4242585773541347,699.0290334024597,1.8307837499102129,0.16811362366838078,72.62611717008606,99.9996936442482,167.29542798413902,488.5435540876568,1.0000000011233943,0.3799410833003474,1.0644944543812116,54.8831586183936,121.72541294351716,488.46997575835564,20.96278152032037,0.7647053897621686,2.5233027048342773,10.369434029615718,101.21556198663276,484.5936986617749,35.52139725951714,0.9848607210227638,2.283897263383085,13.816092263824752,66.38679446591902,160.9800582048611,35.08558215147075,0.23724639683663593,4.627638474629054,99.9999999999998,45.49019980045017,241.02678059821176,33.798832598954505,0.3737138024720419,28.737938852225874,98.77920751837108
160774,SNIa,0.041525840759277344,14.004374595970432,336.1682493659847,17.432604399707827,4.9575543646977916e-08,3.6414031753753817,60.06167422350897,100.19825636422789,417.78913819142986,11.144352965174722,4.924570217238627e-15,3.1664672025301246,15.371327287358202,203.55729938670433,418.65741335746765,20.382075745659996,0.22848137403810753,3.799734585037727,15.637465523958042,254.22453132776567,426.0424006523866,1.7346288527436995,0.185585877635919,4.489858243052519,25.933114312674167,142.4741266449882,418.78863930868675,14.80593170071863,6.990046176734591e-39,4.400890783196916,33.60818079005388,102.44018760690975,414.4260480009686,18.04303411355137,8.627836843371542e-20,2.755135108990998,45.14851836812318
251125,SLSN-I,0.14788405100504556,5.727466694569281,273.29882157919224,45.66519475963513,0.0885079720429946,42.37104374127575,29.745747662565993,68.13275999999982,254.72125059652316,49.99999999992192,5.434768614847395e-12,21.524210341832458,31.610695622292734,42.96506589375258,373.85951100574897,1.0052343971877755,0.0627240975862065,24.40934539964953,25.312404853131127,60.877032318971914,382.96475196996875,1.000000004704064,0.1506995799918898,14.809004803109604,27.087185188440387,69.58485244299416,378.644503669383,1.0001690628282334,0.03586151612198495,38.616746436524565,36.301696266385086,77.43391093010764,353.3567063972134,1.0000132964944803,2.854771048963025e-34,60.69249021788537,53.04354121157842
227004,SLSN-I,0.048151652018229164,3.3998886491484863,2.215359174777312,1.00203384383415,0.6812114107764894,1.0000000186604459,17.689552630582927,43.82346145997912,656.376434154149,47.97929730485534,1.0486651224230827e-05,1.9318990057767083,39.87888209130881,73.49564941729791,736.6158425467614,1.0002680000649042,1.9568515218144218e-38,33.83619808669431,38.434958725437504,108.15553872668151,751.73273987625,7.356511619644453,0.2419203192511808,22.15484749637805,42.867590261751126,115.11246368347324,758.0894446378704,1.0000000105057052,0.050182826480286276,23.130849090961643,46.34807140149938,87.28476115098698,713.6412035393146,33.307923185159034,8.29277808851488e-08,17.007131764222027,80.07730745427209
176723,SLSN-I,0.056590914726257324,3.770186089317709,444.2589526353752,49.999999999999936,3.859002456752601e-20,1.267141956413243,99.99999999999945,22.673017924486054,21.719181732302765,1.000088025753789,0.3938947179885724,1.0000000000000002,6.732894005889766,8.34214685795498,413.82766043209614,38.97422611603772,5.854326224515924e-26,13.813138300700642,99.99999999999999,18.262549962128826,448.30554892742333,1.0000000000008837,0.12116135054532702,12.98287469661625,99.99999999999999,50.39783247196014,535.8823272199128,49.73227842393858,0.3205129394906933,60.04689525310582,99.99999999999999,71.66629895818797,576.663119566003,1.0000000000000002,1.332980253081796e-32,99.99999980293589,99.99999999999999
31738,AGN,0.03126263618469238,15.742499970681925,32.17245151005532,1.0000728583467318,2.7489007983872685e-31,13.992435099548613,17.7678820730422,7.718650362726765,23.589274645027047,49.99999999999999,0.4015518905888795,4.8144310768123715,17.39784636882929,6.344934484537936,26.727700352394837,34.33447868835995,3.9195071805542246e-20,5.251093927571303,30.897883872944096,13.689096952257858,59.47885496053635,1.001034741786082,1.3215445543214717e-36,28.233250513952818,16.072433006497835,4.6128770374638455,16.322270107066306,49.99999999999999,1.777472419407285e-13,1.000000067465802,26.841053109919784,64.72862241974012,75.1244868108282,1.0000000000073466,0.7199793112742244,1.0000000000000042,12.278955574147723
298372,SNII,0.07597386837005615,19.933044012013934,825.9095387109813,1.0000000000000002,0.5457241594176585,1.0000000000000002,99.99999912314046,48.85162023731127,829.3008801819096,9.456452469815208,0.5594972647532718,1.0000000000000002,13.357577289677069,29.352933959195006,833.070222665064,27.759070637466774,0.9286083441960328,2.282697803455593,6.075377008019798,12.354087478505827,832.0438417722394,30.656042983996702,0.2598359513966322,2.7342619015308447,5.49868245452976,22.919574899058233,834.2797782804797,2.743628167420091,0.41250259965125424,1.0000000000000002,99.9984645145484,6.406739466281889,461.9428765927425,32.024581126257395,0.7647399591862822,1.0000375422714882,5.819068618392666
10470,SNIa,0.10892148812611897,1.0218458037660252,43.002953860988654,48.62308975803528,0.7800303931167485,99.82031682937739,4.010239909803665,13.523573718752298,11.156306907779056,1.0000001247287877,0.5006282754387043,3.218421066133535,23.695382844556185,65.36076739699267,-29.243883398626203,49.999999726182736,0.9647140234729572,99.99999999999999,49.446273797795996,42.343774100477056,-42.827753454568054,40.238509178560314,1.8718240672758902e-08,1.0044726265705188,19.277541033069728,128.3825694947984,1.860638974950847,1.0000000000000002,0.42374239602288644,1.0000000000000002,14.231889309159467,23.643302112483155,-1.023756860706092,6.311506544119105,2.408378790643276e-06,1.00113138406601,52.56454899995521
230350,TDE,0.10104580720265706,33.871651805649805,-12.294097156711079,14.988441136594124,0.5773864873484879,1.0000000026094624,96.56777087406331,29.35765054714765,-45.53075383619946,6.34748191529897,1.3543826561057e-10,6.8806714984601784,92.53655613206732,17.920407331640032,-2.8703353740159545,1.0000429620827416,1.7078641576120606e-11,1.0786351516459456,89.31452279373997,16.61344402140025,-2.514613996538118,1.3585092416759146,2.5578738059410295e-11,1.0000085459329544,74.96244211658933,20.18566473953581,-60.60140653366959,14.934104620164781,0.03680971533165997,1.6697376709228036,99.99999912809473,14.977440043586773,52.9573776955922,32.03852100405993,0.46079961183593676,27.342601498547232,13.411571424962585
331851,TDE,0.019350687662760418,37.05448312288489,415.8129545028457,47.245765988984814,0.4895386869636696,2.694699849647072,22.246191583792516,54.37061889857095,411.23031603616545,40.20839850088517,0.4209008913035607,7.575925597754843,24.602492300240257,56.35478185965746,405.4718053965427,34.51046190293771,1.2712522603229207e-22,6.0729334420144045,29.228673224627084,76.73657411838064,409.88395371756724,40.488042031431476,0.30566470554822334,6.879059715892754,21.561801991483254,64.67347825120308,404.2862135793304,35.25470502680912,6.953110928988798e-15,5.267779965017966,30.05276456130325,77.69499351604232,408.74347606259937,29.086435803284928,3.0792092601544447e-15,6.51279175931603,27.949378839069908
2933,SNIbc,0.030846039454142254,15.721999619378064,677.9182565862332,1.0014674315496965,0.6343923822759652,21.17747700504115,34.060555405487385,2.1942646857378896,811.4624279921193,41.18751681222386,0.5686483311316181,17.499457485580276,2.9988290432255638,1.098600351354399,638.8527231519486,3.9846717201746524,0.07113925027406884,34.88635351901289,6.340906606706665,9.085910351764479,829.2107530437477,21.223849539025963,1.9331368154298537e-12,6.179739895521942,6.999029579589444,22.371046902813557,828.5128091179222,15.543128195784096,0.26852842763956397,5.0014065622349095,16.60868584585779,101.85919999778501,10.140682309246648,1.0000000000008082,0.4302872172441579,3.125839220367897,5.8546297015440345
314242,SNIbc,0.11423873901367188,25.061017026375698,6.749305528543929,14.64214198749444,2.718466133481531e-26,1.0000000000000002,3.146654182987694,2.972101008238883,1.061584679202969,8.963541893997888,0.5525405687381278,8.465655644491939,21.229421506686506,2.0477227739940296,687.4453218064517,10.547052764105254,3.9166533670309515e-06,20.119275707408036,3.223490751579915,19.738904019507682,844.9793098740474,1.0208033258816942,0.38587437794557683,1.0000000000000002,34.16198698743104,21.76365173011904,0.34782085445643546,1.000048134805141,0.8950539598134511,46.37766470183698,99.99999883379564,7.738529544428287,289.81660164725264,10.495824020996329,0.0007728625766838619,10.91946232454563,4.136861855745729
86925,TDE,0.1313941478729248,15.565162257211425,416.25220281487157,1.0000000419796953,7.652814927977071e-13,48.49245114317811,97.06050738803114,2.3216496024827036,512.0904351836261,1.0000000029608458,0.5552273580030951,18.914978575748737,24.31537378466872,16.529067955043576,491.105327624479,1.0000011608610315,0.0071409078777359405,28.358918099957332,69.84528764849317,6.6278762035537095,431.76635531261564,49.99999939719408,0.07965452934969713,12.71987305343125,52.77747845325649,5.505652835783218,327.62226040307144,11.41288139458457,5.5666760751924765e-11,52.21574454974657,99.48108274120156,12.74907916502302,481.78533371220885,1.0000015398704332,0.5354715749000845,5.779986402474754,50.39337819123167
105887,SNIax,0.13281651337941489,1.2764704233975306,51.74912039394549,31.836186193059117,0.32502643000585985,99.66096578231976,99.69327064007939,11.268946116622864,318.52005873008176,49.717916500972706,9.851586867251834e-06,3.446716071449226,6.529345310275383,46.941138609109885,316.7606684344357,49.99999747382509,4.938677861260963e-06,1.740863977640715,16.46285337035842,107.33569124141263,329.3009244086527,49.999790018147834,0.5936400176398167,1.2746058124579123,23.066702390797353,60.95345343696272,363.9051931352233,12.910482978842278,6.839394202817189e-21,1.0000000006160603,36.22487098317503,67.15857316549034,314.02239436805803,49.9978749528474,4.4006471507418864e-39,43.228593824778706,42.184636037800345
284909,SNIa-91bg,0.20801742871602377,23.504375476616453,5.449770229730076,22.081473849456433,0.9999999999999999,1.0000000000000002,3.6480798894443662,21.659038317353918,141.2958812829114,49.999999999986095,1.1374778881490394e-19,3.3399229575194753,36.633812723387805,6.1738941495711135,741.9495882124833,1.6671662568781889,4.432942740995506e-36,31.084382922363652,60.467277066884925,25.269967209016993,737.1227261918041,1.0000004053147185,1.0858926854513585e-23,33.03784118223893,33.82047207449639,16.140518198786626,639.2294883658622,49.90660703805014,0.022979311546018663,65.94107662945395,94.79027116031597,18.859198227944596,682.2794086117877,49.99860707348789,1.4448089881410216e-34,5.4936140505366895,53.072979602059746
245290,SNIbc,0.08364621798197429,1.9791771260472508,90.71159426314624,25.62598807569583,0.5544485521635419,1.0000000000000002,3.0094121928048114,4.726822535820582,737.761655943574,22.14276376720431,0.9178615215482114,1.1276507321276878,5.902140915583179,7.558788384899248,44.29827769102418,1.000016332773478,0.5059910328178324,1.7382593366104158,1.165372265832754,64.80303999984142,41.59235751293051,1.0000000000059486,0.43950263742973267,2.876226333049164,10.033371882021076,36.40712917815295,49.0703317204668,1.000000000000545,1.1402368945876698e-15,12.839507148277242,8.122452115831983,39.508896160438525,41.19792068464089,35.466182380757864,0.999710316221386,4.462709025423774,99.99999999999999
92477,SNIax,0.11078870296478271,15.787828179279938,321.7144534021525,28.0191943566317,0.999999999999999,23.696964056564756,2.1431175089642545,1.3362476527002998,304.7262444883884,49.96141754281128,0.4983128115340001,99.99999999999999,33.39162278963481,9.32148378004132,802.5829290155,30.084613493446138,0.7948153095180991,3.942882488647735,99.99999999999854,15.268194408421436,803.631711530923,46.51928543271144,0.8472077544289207,5.165509622657219,5.189614550909082,17.89954556294093,806.9958407191626,46.6115374256372,0.582505109486456,5.650918447445029,7.3289234164089985,30.337498743869997,826.859767399468,27.125222663459606,0.9996307472586139,6.714197200002839,2.078038901956827
157045,SLSN-I,0.13238879044850668,6.449485383926272,247.1426732646477,44.99758617627818,4.32387888607012e-11,62.64136129708982,48.936403746706844,1.746401952874853,61.565576640462645,1.0000000000000002,0.10455701320726038,99.99999999902933,99.99999999999999,54.59752997664402,6.846744965370953,6.721631460884296,0.7692173497224046,3.32509117936443,43.359043953269435,57.50386629043176,0.4041569703620208,1.0000000000000002,0.5448620520539453,1.0000000314988202,58.01635666417603,53.050728285033664,11.387775330270307,6.865343940937898,0.49219666287750713,10.97600574904115,71.55688901017399,48.356442657898455,34.22235524133985,1.0001462003899257,0.018323520360369012,54.44956626429212,54.0285709523905
151025,TDE,0.024301767349243164,37.11835677394366,319.5487662525297,49.99999999991832,2.9596633784383885e-13,6.548294750528513,96.80999081210389,28.965604362360967,400.60679263723284,49.99999999999999,5.217394862553007e-18,1.0000000000017413,97.57164802137491,33.56258013702299,398.8151800578413,49.99999977672674,0.23243934922662698,14.385804244898623,99.99999984764514,24.51561338497745,400.1544618206929,34.91358648941482,3.800897464492921e-14,8.35538316072529,87.71387922260583,23.709792615132745,403.41026902337603,23.20637657495699,1.186801135223127e-23,17.524415556387016,85.62993741381433,58.73957384800437,406.477211249726,7.168438547102737,0.6914411223409728,2.8348743595800943,99.9999999999999
91264,AGN,0.007045308748881022,,,,,,,1.0074766699373536,233.05634411850943,1.1408649655562342,4.071749397140453e-18,6.156340778023457,8.892965201366014,1.0174796761951015,236.18302637499576,13.116186814164971,0.03547976375502716,7.902485095861318,9.227662842122617,1.8254682789286867,551.9783051056199,1.1734207287167415,1.0050933097223715e-12,3.302592035320552,8.379202783412223,2.884092030827755,545.5913047427002,28.340669822263816,0.1399970635687659,4.70352434282494,11.724370258405624,1.9279699632159002,546.3070975638984,2.521433168453685,0.22025092049056974,3.015086746293831,10.746642705756624
66972,SNIa,0.1315687894821167,5.070964148112299,228.8139604178367,5.775317564489871,5.928697964044259e-11,62.155113240248326,81.20018272000344,33.278929403871345,416.02201669759285,5.766885793474225,3.269234351683834e-09,3.4323922422594166,14.766562293317353,68.99429864603152,412.9470196033003,17.617448391034188,2.711086878441541e-15,3.5184067403421446,15.873606212151278,99.68771465315906,416.5833525581212,40.83359488615591,0.7570893481448858,4.54481814864672,19.331019522352108,79.97404336523385,414.5107857548883,15.09332683951258,0.10150691230348281,3.8274328858307274,36.15002428462815,58.09386299511501,410.08581868581695,21.49962303491957,8.547952913101395e-23,5.608692643020556,38.212293895809964
136892,AGN,0.1307164430618286,20.588016037240088,8.686414248961697,22.316044203696492,0.219171218645547,36.173003443587,40.878991176811276,15.12203075806221,-0.16523861044011012,40.34497266589595,2.1767120927403894e-16,1.000000001590808,35.43482940856555,22.894039081634325,19.67937542318953,1.0000000144150971,0.10689429061276444,9.058993519927931,41.9414349070594,21.264965356906856,-5.726802190468164,49.96522723957488,0.1226557946879095,99.98764205029288,42.158479868654425,12.490576295081107,1.6654860891966814,47.56905289714077,2.7288191071494146e-23,5.447895503370902,35.3421034795532,35.422850178036434,27.809566526048876,1.6402673913635617,0.11544979815134354,13.924871237361941,42.28767590717313
111633,SNII,0.05217421054840088,2.0170549046527793,632.9895035361975,4.876915041602617,1.5111019397398383e-16,18.623014766355865,3.187655615694808,39.22815579072738,854.7318716163381,20.034767575420275,0.7490702229873859,2.0238877735707255,99.99483366136731,36.14817448541002,856.319589644512,28.10996059501985,0.9305432989136455,3.1948942757134726,5.656450660520337,15.065874114992662,852.5732980216837,24.556772507169786,2.7251491626481706e-09,1.0000000007468677,5.0155192410797635,85.76663475673367,493.7817940650929,4.449598046108057,0.9824113409589903,1.0967709437530218,1.0802776797727178,13.323173131357928,842.2523330203951,49.999999999671864,2.8809043788640535e-10,1.4447013287747785,99.99999999994229
56986,AGN,0.02592166264851888,55.16787363071787,7.35029785399928,21.29609897522901,1.03805508922932e-08,5.8286643814320085,20.05901263160336,48.82117960032687,115.04859713175102,1.0000000069750226,0.0005349044032834647,99.99999999999999,9.860125683077035,52.31368933777334,114.53600755199774,1.0000004806078937,0.0006851177840734374,99.99999999999999,11.216033471802275,56.784606867534194,115.16136467482482,1.0000013370929577,0.0001119146707448458,99.99999999999888,12.128366422207044,75.50135585171631,114.26240460646096,1.0000135847532066,0.0010422685608246793,99.99999999999999,14.509082881684112,71.34770200527925,111.65094920486234,1.000001344526661,3.147076074480249e-13,99.9999999880321,17.60637047800345
6402,SNIbc,0.0838325023651123,15.63388033128414,338.32025926297683,1.0002102806973867,0.739413722329302,32.00502228004499,60.27848113391602,7.469353427372437,88.02350220981158,12.98115913700579,7.406727100428732e-38,5.751684079558602,28.686025215030416,20.583552891225306,86.88894114067318,30.24406421010475,0.3273150291190952,4.4607810582472025,11.011487685080274,24.968082240185716,86.27323124637635,31.550546515502806,4.902983611505022e-28,3.437015743369286,15.443839899216634,69.34722039494389,99.69507680964965,1.000000000746116,0.12012946606664664,5.3820446256059835,32.65620798046211,68.94655523154725,100.27821052885082,30.797034941439577,0.5790972566294048,8.430628082812685,89.33524285550516
268325,SNIax,0.22244000434875488,1.352070601495715,704.603309590741,10.744763185797268,3.161759179914425e-09,9.95338429299821,4.001147001852608,20.949180148469313,303.9103906273506,49.85384196920185,6.985494635103468e-36,48.07139841779934,12.140294137245789,38.40244967642583,304.50136043905934,49.99990481722884,1.4864014421868318e-27,5.023677770211011,20.59244256028411,54.887100998479,305.27712089197223,49.99986116758429,3.452787871313098e-25,4.9346609594999284,32.06145440971346,71.69950127973915,322.37621680049693,31.390602822543713,0.03058865313286459,48.087208146057,29.47498692847129,86.32617965018785,210.25988515701934,34.68769159391381,3.593188828386533e-11,6.888525952634333,90.05923806756847
121110,TDE,0.10730576515197754,0.7744778000000001,687.5128359077,1.0000000000000002,5.253627956740143e-40,47.65263914083502,99.93311426966002,18.25570742570214,477.09710709612875,27.12886894355464,0.7727006352512974,1.2729327946289681,99.99999999999999,4.3647192891737925,109.38566565812795,1.0000000000011962,0.06171626800943696,18.418720358502664,99.99999999999999,6.142010579672096,473.278763653825,24.313780274346605,0.0012510845498414009,2.6789428445294328,14.067971234896467,7.6255859481313095,106.76869933732243,1.0000000001311913,0.7184167115406936,2.339394341428903,46.32457544512626,19.67902913782122,266.4655986056403,47.63423327020948,0.044928235110115365,88.33926007079768,37.05618478566927
148358,SNIa-91bg,0.051004608472188316,8.653361254550498,345.9458699099753,1.0000000001342548,0.730634655250269,29.97398863938948,99.99999999999892,3.514916720491012,799.5231540427063,44.20479482039332,0.9251857008513653,5.3836821352976125,5.952114455775742,17.201840264365792,796.2818003956048,9.445426707894962,2.601519594969683e-12,3.2783071680766906,11.188624225531909,53.46785559024026,797.5226566934751,10.460513489988362,1.8908771055376372e-11,3.6130217946178522,18.008676881329748,66.67590811906831,796.9126766842688,14.523844249776143,0.057201576283919114,2.8884914981941257,19.00720848925845,84.58092009994073,800.7106189768883,36.283139755202136,0.8372214013622694,3.919815775166679,99.99999999999987
77272,SLSN-I,0.11415545145670573,5.126375825535234,570.240765773778,18.70644320997085,3.6493513122363045e-11,61.65567248911644,15.061499452803734,7.666110256951126,746.2279756519857,1.0014160676611454,2.8208160638915134e-28,84.1808761397153,32.84193613284555,8.675082688190228,717.8303644570332,48.31851907453032,0.09556339388824153,1.2466159746340504,52.67997502832813,97.96217999994897,725.4388692482707,1.0000000000000002,0.5825090310433111,24.041445108641575,51.32657777415218,35.95677302959335,752.3234327385825,1.000011277247335,0.07891778008251409,18.291187741650972,67.03675742871177,35.47618143257055,720.2044533474223,30.532339028244024,0.11881343705818394,1.0833597318608694,99.6143694703746
221378,SLSN-I,0.05898789564768473,56.60222313604075,426.69496930356496,39.825688356631105,0.9335971098826252,1.0000002583368464,99.99999997132043,86.35335011979397,456.3655577756878,1.0000000005519396,0.1633019837933544,2.802009471180908,54.436864387308546,110.48218524630722,458.29983729783373,1.0000000000000002,0.1543915685525515,3.041400971233218,59.30239214527554,91.0537285818542,364.5186421937482,1.0000000009394079,0.5685781247071972,29.538302219342512,99.99999999999694,68.22964507364776,458.24246452983135,49.999999996831725,4.132228387674308e-12,5.69695003641272,53.92199124627241,65.5347033267624,457.8291055540699,49.999999999889816,1.9939273596087673e-12,5.738324111877328,55.450978427434855
328036,SNIax,0.07829928398132324,4.968729705889928,87.71095097140636,5.66454966548408,2.4780983975674226e-37,1.0000000000000002,4.912291493488823,11.531299694962815,33.2726926073006,10.09041192674791,0.9610094511522992,1.0000000000110052,99.99999999733801,7.512999485823505,740.7107457519108,1.0000000006408691,0.8356590538647332,33.651060015641015,99.99999999999999,13.462709917644368,819.3713997628912,31.392311117181652,0.41129166862569605,6.303053200254373,96.94713637658445,7.672284929975006,813.3840551611307,36.046377623169214,3.1547735703411523e-10,1.9165902913511796,4.575983772152695,7.510016420536854,377.0665724814128,23.12120246041641,0.37278521131400016,1.0011987817240928,4.277035890462255
185172,TDE,0.027658541997273762,14.578304195069938,408.47624338617027,1.0000000244585958,0.1183539684922412,13.13949515449924,26.92143798176296,33.353293023297894,437.30868659965114,2.558035916851834,0.2137157645960088,10.567863380856664,73.264321689214,39.25258931117798,437.41682059560026,3.5144738159461735,0.23202145035523614,9.995458329992179,56.522514719137774,17.809742265818944,409.80476090072654,49.99999999999999,9.801674623359185e-23,6.6700831937414415,90.86839588905326,37.089225588601266,439.84558662316994,1.0000000056003928,0.18822571223637383,7.745555356339273,51.97601125052139,19.299975259354298,414.5451518475874,42.945690813906026,6.250216209557063e-35,2.314134671857495,99.63253580598946
220243,SNII,0.045821746190389,1.6122137542834118,626.4242111184175,12.390674153072494,1.9340823396012197e-13,21.226389786880254,3.0182132021587176,20.260398548640882,727.5418071668373,14.54319357617299,0.8860499441064144,1.020355434964346,1.0455596846841901,11.219766377188472,816.6016147883897,20.826008394849424,0.7890145903622067,1.0000000058242915,99.99999999999999,35.4377199874443,822.5553121352002,1.000000008453474,0.4016977824117761,1.6588917083170092,10.908406529905614,1.2570438240974777,457.5934645090532,15.146031732539244,0.2829598693813993,19.12777679954747,3.510716295124693,23.707734378575367,734.4997408241683,1.0000267032271846,0.8693185278871347,25.620349186744747,99.99999864453495
190050,SNIa,0.09412864844004314,14.489042552874722,709.3061273720334,41.597785399929194,0.05910428704142078,67.57511237091391,98.52807809833122,9.109821352255095,770.2695071038582,19.526173022216394,1.6655315881167938e-38,2.6523106867548956,11.546957136739739,39.81912392330116,773.9247262875739,19.25289227552802,8.966440311145922e-16,2.6233737966442487,16.734673781345283,53.981001633809875,777.3951607040801,16.681071112251804,3.158262312990988e-14,4.548692164181564,19.291961903894013,46.16747967576835,774.6808861376802,24.769262003276207,1.7889237848405002e-14,4.129601846566891,25.433922253639256,73.66437270983538,781.08319049663,1.0000000005861702,4.1176456742468454e-12,6.2164710641958125,33.94310420031704
247545,SNIbc,0.07910744349161784,9.532837803111983,346.0736496021477,1.1977993933165922,0.454737078429185,24.810832042792747,45.533989166936415,17.06741056527137,800.448002807973,1.000134880639664,0.04083082237544157,2.72152331281404,1.7999367725106117,27.95862629153674,791.6267818881954,7.826038841694367,8.277904245368953e-09,3.198434283350716,12.59638380143512,42.78908623705045,793.3333250633942,4.173794788222215,2.700749241536409e-22,3.3381764380312804,20.034704183541006,54.58886792518186,796.1305411629775,29.656896373163313,0.844329453630213,4.519779079645871,86.78557997251114,41.46262162034116,794.0126364091742,9.119195456006572,1.032627013660965e-14,3.536871841545532,20.218284848093234
328406,AGN,0.002845168113708496,,,,,,,,,,,,,,,,,,,,,,,,,0.008978000000000002,557.7734008711788,37.944971851984405,0.7780014590841308,5.684566104055485,12.569252507025928,2.9446502225094227,-278.4172296419763,13.15375171042755,0.8742446285882812,71.74787732440313,10.584487141191378
43465,SNIa,0.07320161660512288,3.3866769589950394,442.71825831623755,1.000000000036335,0.9999999947260934,1.0000000000140647,5.679021423387167,5.25106480197742,443.465555044596,1.0000000000092228,0.5295851353631293,1.0000000004244827,13.269252011670416,14.619042890412283,419.0490510357588,24.770428270334843,5.185436155614311e-12,3.186511671348441,15.630158604933388,59.336135670922395,447.48684301608586,1.0002170734422167,0.07336016418262696,9.835744120931237,12.664666899320574,39.04024206572481,419.4558100964769,37.763084591584914,0.37689421721702476,2.3651104632048088,25.72208439149921,35.04584826265536,416.45765596173186,34.42758579202212,2.0273842870000533e-10,1.000000000000397,19.264301465063063
311300,SNIa-91bg,0.4095783631006877,5.0912962967879345,246.83193453122996,49.99999999410199,8.821257547231578e-11,88.72721358270518,38.28505454849003,25.87153813559356,717.2629336424558,2.1860022704686752,0.5847571658197495,2.436464725891637,1.8236218291733457,6.803437296272354,300.84769034653533,49.74999488145456,6.316548548117377e-32,61.1852179832796,44.467772422748595,18.216124315492536,305.47047076526405,48.034798632232004,0.030210717886086057,79.19594231047088,52.36797453276509,30.27055471318063,302.79055342617863,48.61341490730409,0.003569334187690506,62.91649250171967,35.06567200840586,25.460497120158678,378.00091898329725,1.072354477779622,0.11455145072757597,44.82984661876362,30.954276883588506
267376,AGN,0.1590681473414103,29.976238737207492,102.0755715352306,49.99999996409586,0.28538115551643145,99.99910994746926,99.99998905157426,26.017104372947777,89.27584230699787,1.0000000000000002,0.0032706255346583867,99.99999999999994,99.99999999999999,22.94445288573161,161.46828390314167,49.917074835317365,0.32074441447716767,99.99999999999999,99.99999999999999,25.74484074533321,89.16055463628945,1.000015363222012,7.635552406725909e-17,98.88254980682265,99.99999999999999,20.90039188575904,56.88248025777731,46.903811525300824,0.09082805449227939,51.83898815852764,53.216006697653555,39.03420500566666,190.2545699230386,49.9999997859,0.22426892668389112,99.99999999999999,99.99999999999999
82030,SNII,0.03216024239857992,11.87895588886736,4.960967298927002,1.0000000000000002,0.9509108146952812,1.0000000000000002,99.99999961574767,5.520723359004105,302.803551104645,49.99847662016737,1.0956377224063602e-06,59.42516354338647,3.0047006901874465,22.161461242074573,59.831617237621785,4.996373636764722,0.5992564861553282,4.578598590409399,12.427894163997975,15.240798205089499,44.469598244267814,18.345654055280864,1.6443149944265654e-09,1.0000000000000002,22.927431970275908,3.0713681645350803,474.40458323464406,11.396011539567041,0.8030064066478768,4.13349418827149,11.002319995443878,19.022189857524,557.4591007088133,13.063279456963597,0.3538727966495611,2.2030124101153103,99.99999991379244
302134,SNIax,0.10465610027313232,7.213563871200146,55.758918369739675,4.2423449743852295,0.9807670795939823,1.0000000000000002,76.49634542558132,2.014569362723833,61.78118939791385,29.79779095846874,0.364705188354414,27.05958431166737,7.089884214378616,16.747271976514753,397.21217892379167,38.924392661937354,0.31804844126711007,1.0000000066814998,5.640470367112025,38.479110860938334,413.86730699231265,1.00000127051879,0.13569394204051108,4.050447667991182,27.884659517004955,18.977662243244378,405.86605067120263,37.13071582461766,1.871525737121777e-18,4.232626726181593,20.234060130169077,31.052897299888272,413.24703217413054,26.845681229988823,4.7202684440841296e-08,10.934585410095876,4.075600071260054
126742,SNIax,0.04651025931040446,1.809477895867768,121.49489526334908,49.97683871819827,0.6798763940845667,1.0000000000000002,99.99999999999999,7.726643205032039,414.19367959561504,27.450797120544344,1.74787445372427e-06,1.0000004214892089,3.2571352431084635,23.94135720525435,417.6874265913622,21.260436585574084,0.10343053817058144,3.9473534377816115,15.154894518748488,34.72974787813589,426.53585115585105,12.412953442906955,2.586055973605391e-15,5.761793193565688,20.238212590396767,41.03432013333272,423.79838894405447,1.2151943283098698,0.16778781186228625,3.595548423070535,38.99272217362947,29.95697955462327,418.91887543203137,1.0000000032246237,1.8748964919417567e-13,1.0000000007411942,46.35013360933792
334547,SNIa-91bg,0.1183010737101237,11.4313000961467,682.5980563364716,1.0000000000000002,0.9054370964877478,1.0000000000000002,27.845508693283016,1.6225245259756234,179.1678006773441,9.37661898466951,0.06065263289367797,1.5650143623805435,9.935403937056455,18.19946852006546,134.4818972844579,10.697805987894666,1.2868678440865474e-17,1.0000000000000002,3.7446510099741888,7.89487104928528,668.7586783630306,4.5967504340503975,6.463100643154576e-11,66.39214283105497,23.75790876667973,20.912276827649215,853.6683186725456,7.9124952529896335,8.981935591458258e-31,8.71117962042401,4.425590884963083,18.47701286754818,701.9459451803426,8.35048876794298,7.235309063794546e-18,21.251362638125368,3.021061622478781
152677,SNIax,0.21488261222839355,5.227447236644648,565.0149452290059,22.424229925107717,7.495325156460521e-11,89.22649089863665,16.82741486081007,1.2850302116999675,384.8900439759037,1.6396732742335027,0.9999999999999999,41.395989280427855,3.0476645528981745,22.085007799503416,317.0952479192971,49.99999999956368,6.02356998162328e-13,52.92397390398887,14.096460204080133,19.15853381910226,315.36966261438295,49.999848784612865,2.745993836869359e-14,4.790258671865475,33.66237112653172,25.07085445042658,320.2154016350063,46.2490031896598,0.00923214272999772,81.87945880340266,49.777888560594064,31.974785670520443,363.15634078066927,49.985629521258545,0.776905844363728,32.50723405165625,4.23390286837833
164909,TDE,0.045929511388142906,64.36277733921646,680.0462474808801,1.000008739955279,0.11889851333858974,29.072710942278878,22.12201968163646,118.1710449984962,729.7753094590112,6.670391717335797,0.7688719692845886,3.998570309406398,22.857245759538717,32.10726757732515,713.3111842081286,2.492639044002117,9.338924403465845e-09,10.84448018282135,27.312722965679523,17.28300243369739,740.4907758494987,1.0000001582625238,0.13676796992370233,12.621463341293152,29.55042026539213,26.52819649021727,725.4005855586615,1.0000000000015297,6.779452675278789e-14,85.93309146203288,25.519274402803365,322.5077426580944,660.7442973214933,49.99985549543842,0.00016988212276804497,20.561414762585283,2.835188475990372
57584,SNII,0.0366516908009847,2.7811705119125154,670.3232735187524,14.845318665283308,0.19298176832107322,1.1248689506376266,5.131700360907939,9.038513126334694,-0.40016370565170617,24.495659654910327,0.9999999999999969,1.0000187430032894,2.9376302632719202,15.972983008524318,-8.639917757586682,1.0003427967731575,0.0034828170557744597,3.544112812657612,19.75112017580573,8.651951098335614,-11.703132395677887,6.838815906494985,1.2855017318466658e-17,1.118102350169955,50.136748296863296,23.580801543761037,-54.63103271700825,14.208428904552038,0.16749382406240182,1.4795279916498076,64.6688233370242,208.66550496585262,-2.940325749427779,1.0000000005634653,0.48221426207342694,99.99999999999929,16.873745564215106
5844,SNIa,0.12535699208577475,28.48866747803052,686.5389049537489,9.51954046051427,3.5805873570258454e-38,1.0000000000000002,3.3677525243460025,3.491979761715721,353.44931015770965,1.0190550951458937,5.429590364615029e-39,65.77668393424412,99.99999999999997,10.851472048505645,382.6307248480758,4.191071725147922,3.3391992041379796e-36,1.026636858606474,11.247695990541935,18.04906789087486,373.07999229688426,16.571474053741166,4.41553338257576e-08,5.571986500637811,12.934979909273029,33.85009076342761,376.54559718122266,49.99999999999996,0.8237806076932832,6.229981974071191,30.33287575503201,23.565243671917578,370.68514765023025,25.770443659152054,1.2830658452694172e-12,1.3175891362955456,22.59008597310072
106406,SNIa,0.0706171989440918,19.33264441089086,577.0406973823822,49.99999471226172,1.928188298076249e-06,40.14193331740826,22.479110041305017,1.000699795325113,654.3083060122812,8.96374711460507,0.003964336036333619,9.861046711636481,3.782852323842519,0.9420763308491487,414.5114068590615,1.0000148876706803,0.9999999999999999,13.606416071114955,12.158320249480965,9.624736442799634,376.74381830260126,25.3875847789239,2.8808113804155016e-08,1.4923372339066723,23.138857735380512,13.05746039972814,386.53913546623085,11.745821760660231,4.180688222892047e-35,1.373471581027972,36.68016737483497,15.949691896908133,400.8284369001564,49.99999999997468,0.4320027864492892,1.0000000000018197,41.5564412515099
133914,SNIa,0.021443843841552734,55.44669979343551,-0.5849240988717754,15.855445666242876,0.48695863274893225,1.0000000339773227,26.551710736308316,233.22004698973973,66.09746777088354,30.782065904121723,0.7685344985003463,2.0949938616608206,13.877328178722262,349.34132647174926,66.70035572850617,25.39849819310135,0.544994955462917,2.5252837991172377,17.778188903487678,534.2637899853903,70.76614269865483,1.000000000000002,0.2920572359573379,2.390589657530926,28.745554692454355,289.98850497145764,68.84588606491897,23.228561938426655,0.5195695122292177,3.6559918769173554,45.24722829245156,164.97299103734963,63.19807303827699,30.229192935210794,0.5509709845431568,2.014576021884146,53.65650658764084
333305,SLSN-I,0.03291567166646322,12.430597018203015,-30.956946600703105,49.999999986686966,3.3704708441492155e-20,99.99999999999999,25.880109289519574,24.12066154009372,17.27517793922176,1.000000000038071,0.12477044366626869,7.066959137770785,32.976418420538664,41.953183176103785,6.362204864957384,49.99999999999999,0.39262765397120825,9.908962042340402,37.76116307499047,52.56216731610345,4.700628711917371,49.99999999999999,0.22894719730710075,8.809982127231223,50.7688031753388,54.38612506585045,3.642878752469076,49.999999999993406,0.07219613329583335,14.063386882955909,58.97883491024377,94.33723045502059,47.71647899110352,1.0000000066764538,0.041056412904256316,19.57760012127921,49.60094157995962
180650,SNII,0.09159994125366211,889.882961674275,732.9572996697315,1.0000000000000002,0.5402103071355424,7.812027386780149,26.99061247005416,206.85944023836547,783.8811047539624,5.478653827155618,0.4159292215654386,1.0000182885567013,15.402872217203958,56.317121753404386,782.8419887425506,10.38176520639053,2.822177940660344e-23,1.0000000064546943,38.566098164108986,52.62140510215062,783.35421361417,6.603448823917539,1.0914853888552183e-13,1.0000256182541096,56.024653748716084,44.25691485022814,782.7209410848784,7.756087428634786,3.4656831947031096e-37,1.0178155341178248,85.41877691579286,37.022353566568334,784.8272208183981,49.99985510493359,0.21810873807199552,1.6986474455454312,99.99997179346411
300427,SNIa,0.0714504321416219,5.52443295749624,338.6482332693418,47.28774732753602,0.0001154663858506924,22.820183405983236,3.0745695421116035,17.125105141041807,39.456135400300305,1.0000738185359161,0.9656521005934545,2.4050742474039764,99.99999999999999,12.143928373130352,28.057484604313867,22.267147792924234,9.331551304283898e-18,1.0000000000000002,10.68133668765243,69.9282846881681,37.74759499752605,1.0000000059001863,7.697189444014085e-10,6.5026651145179635,14.256541448850841,35.163620671430984,26.79800503149047,27.96814848472618,3.606122404658349e-11,5.099126158123183,14.01203040084497,116.31674674979709,38.89898959328618,12.001340965264415,0.7787211277310445,3.3437871594053328,24.880477559207755
12078,SNIbc,0.06006471316019694,8.143996519525555,300.93531579533527,40.09865975598858,0.05032128010224435,93.62959793208837,3.1473272710709512,2.557275906603177,413.8764220149237,1.000000000031774,3.4707245878721624e-13,1.0000000000094345,35.73316507937163,11.669852148005079,835.6678486891167,7.809242591043669,0.9999999997884276,6.519773281336493,64.61013017686213,11.699308829351258,516.055352776107,49.999999999999105,3.2831932765334823e-08,26.78015687009177,99.99999999996103,25.653840656104965,74.85366271934075,1.0000000000162803,0.6085267160483729,1.0000000000000002,8.676396324715968,47.84352553174197,447.94676050522804,1.000000022564162,0.2779834867087558,1.6142399231683136,5.288766088706729
289059,TDE,0.025881489117940266,125.96019054649783,717.3132770428458,1.0000000002402534,1.0799993230361431e-27,35.085593491264035,25.43545988542755,81.74008173524318,734.6624054430865,49.999999999994735,0.48533311736710805,8.9118627095591,28.26741691155332,47.739484186005235,727.9918328140169,44.06584609674976,0.05921929908428126,5.792423551229986,32.11818012583514,52.84025872087059,738.9675696718609,45.290242487854606,0.4941180607553315,9.080501222546994,30.480091231524973,37.15145934771802,726.3022123810508,49.99999610072256,0.20196909109387856,3.370876157436013,30.063102637693184,52.281632394380715,768.1710909451077,1.000000059738766,1.2444070272962153e-13,99.99999999997758,13.077655299438408
340860,SNIa,0.036483565966288246,23.558145,733.5921757854824,1.0000000000000007,0.5252509634382718,1.0000000000000102,13.599046555207106,7.478646364131008,-1.4195992329527114,1.0000000000311897,2.348956279927332e-10,1.0000000007481187,10.912194525745207,60.79783364883152,-10.276414830728923,22.479741705383578,0.881649252158839,1.0000000195603032,39.468910099521224,55.43096478913864,-2.4429135902949377,1.622755682116883,2.7240876476358387e-21,1.0000003537437414,22.740516898614445,78.34366446160253,-0.9222910685508566,8.504333563097795,0.6717529224185808,1.0000277035200948,41.73736739474777,60.95187734070784,-23.376457782664257,16.180200669320616,9.010048212316391e-07,1.3930746376885574,37.08841419815082
253615,SNIbc,0.03345616658528646,8.25935886781147,1.924826090566275,1.0000000000000004,0.992844585336991,1.0000000000000002,55.619214793763895,5.745054342077809,702.3450955381918,49.38652568085309,6.3368170595753645e-09,66.84625353489469,4.534813274414832,25.947773865604322,744.396922702482,1.0028404719405926,0.01774139289738394,13.237966722008663,12.707368045683268,54.28974336322887,731.5004477948094,2.8864037825788826,0.45634507344569236,3.2658955009814012,27.632383259102994,105.34682499995758,733.7552872084306,2.359009601760316,0.43124461704222655,27.36164857657079,27.270184452085132,30.075700380345094,734.695183668636,15.222983441487338,3.391938334415836e-19,1.000000000591198,46.61192759466602
93074,AGN,0.021086692810058594,90.188544141249,169.88779928447065,49.99963421829535,0.2791194024506817,48.18788905753529,99.99999874197987,78.19409939894258,188.17918434310207,1.0000000001068674,9.224424153654853e-15,70.64769050710241,99.99999999984541,86.1126524582689,173.1523887512367,1.0000000010954784,5.401179123521131e-15,60.00430561482063,99.99999999999737,95.07979885624215,179.67931216112402,1.000000000035752,1.5517388773472286e-13,65.94533569975087,99.99999999999835,139.69997280932157,181.70892442441823,1.0000000062313148,7.304688627090032e-17,67.52039461534706,99.99999999989637,116.66529930857953,187.60881333530776,1.000000000017427,2.981252762370835e-15,76.37033777815114,99.99999999999996
339740,TDE,0.12820374965667725,27.22926610034971,386.3227158697842,1.000000038814143,0.07920092439546257,21.894799365042893,70.7994235857561,33.05586570322195,354.1592401133358,49.99999999990871,0.2886950180376823,43.06664946487459,78.48011912664457,20.503484327749074,362.8286035359947,8.913775928496403,1.0272611650374364e-08,7.997884929254071,99.99999676813538,19.367479728262982,358.773915416426,49.98700562200912,0.15219051312901474,50.31568840292386,65.88974533073996,26.617663479559003,402.3058695716595,1.0000000075057875,1.3709208432727468e-23,73.73653241695678,34.11972399184663,17.759953532005444,365.39527383490514,1.0431407805978121,1.3484420929574397e-33,80.61503623674682,99.99999999999999
148205,SLSN-I,0.05874498685201009,3.046781639507882,31.300686416724446,1.00000000072326,0.21794136128297667,17.530657898034192,99.99999999999999,21.462935436717416,70.01595069161351,1.0001408227313167,0.002863580890707186,44.022968886018425,65.79164247738296,32.74638000417861,94.68007279189881,1.000000000480278,0.025572991260368785,34.215134578510856,71.75973868883257,30.791955702009037,71.48273386121618,49.99280508239402,0.5094768503289522,35.35741726185653,5.628401470336829,48.78857908081605,61.089537101439475,49.99999999999999,0.32371543132022096,28.889905305606476,70.52479067379942,60.41305385359841,65.50219698592743,49.99985305996957,0.28418831209667816,30.749442241840985,99.99970959934248
37718,SNIa,0.0730503002802531,15.595869996670913,-2.749875817525822,1.0000000000000002,0.535798351920207,1.0000000004807121,28.371972777268592,1.6123875873334668,809.6051987739759,40.31763087050714,5.4330079676342286e-24,81.39052205349614,4.026619696990465,8.631253836946932,836.4593145304626,20.425713162923806,5.851311349103788e-09,1.8964068542192152,4.410320518768623,18.247713664849023,838.8004289639432,18.460799259837458,1.508250671224939e-09,2.214882328938112,4.3756250881941305,18.02109730631453,838.9261136566655,17.843560147372603,9.216768311497399e-08,1.3055763674252563,4.359806595299419,5.622275393261811,612.4240332849611,5.903561205794421,0.026325995184643194,87.52782563244554,6.046152171654921
26502,SNII,0.1633622646331787,49.992559995064624,568.9187797902302,1.0000000000000138,0.965751698874968,18.927982831324357,99.99999991238278,29.569199159092644,321.6336484237872,49.96560346558267,0.5887693564197051,40.66577116216151,2.9630152263772978,18.599709727080914,142.84199165203464,49.998439170349656,1.667017822756488e-08,3.8333426189559683,58.1460714590189,3.040329161681555,72.35875481017214,25.35024193237846,0.6538443208926983,28.430876274352002,6.609936645779429,1.6233959613061877,699.2135831417401,47.60102246725168,0.10566753777277876,37.70618372299691,3.241682266520549,13.877456792586019,497.05571548297104,21.1902171739909,0.21007795470555884,1.0000562547979255,99.99999304229526
52986,SNIax,0.04229450225830078,2.8790076505660496,386.1647779780332,1.000000477380018,0.4839684327400089,12.025453521303257,36.95966820940812,45.84212114368803,839.8173419779966,1.0000000000000002,0.2807474170546702,3.113827625138469,11.263044873996675,39.589072964500104,841.1817744495512,34.28216899518386,0.893030911123614,6.307378791034236,22.17065638775358,39.87270073461347,844.2186903867123,27.5178905753985,0.5732838071706303,5.429041359983315,99.99999999996352,25.961493696652745,839.1938107103584,24.985419500310037,3.090512506762316e-28,4.849647879826035,15.54146300137117,33.83348617051968,840.9192743949811,42.69271695878159,0.49434829032346106,2.5024255425156183,7.481438732098759
77807,SNIbc,0.05324900150299072,1.417253587762278,22.646624584107506,43.99646524159527,0.687827738316752,1.0000000017436061,4.2254609428469,3.128926660580841,781.3577962336817,20.749888826485215,2.118293558646322e-17,1.4551590834110286,4.095229890324228,8.17987426657819,782.5821925612861,14.527046595799591,9.175302035016924e-35,1.0000000000000053,10.719815451612824,19.790567252443307,785.5674700704589,8.863467760432034,2.0970431790062307e-12,1.7232805083046823,16.20471785102936,20.35407313350319,785.5283258424894,14.736285088819809,6.861988059808674e-13,2.777940061480077,18.282858190449815,28.36470149009375,803.8557711006965,26.54593238624127,0.9999988189989575,1.645525729751009,1.1699379545442532
209780,AGN,0.016334176063537598,3.4947270800238424,-217.47148847738913,8.517242763494874,0.8065155095715217,52.92190009499726,5.327973811129213,3.4199376710590075,-266.4951983875953,13.578035396045797,0.676417005123719,1.0024650941240338,5.58422443518018,3.71852855880633,-154.0491266603022,13.500569409595796,0.9429925272974321,77.10616182149276,4.545826774047843,2.4404597666270282,-263.2510593031504,15.340095965792113,0.9999992150491046,48.586163994510486,18.898247485884273,3.4803762107137985,-262.1237394791309,8.065591051290518,0.9406171498813127,72.38176150802146,12.466091970599166,21.55044486571447,426.9800891518466,1.0041266144051673,0.9462731711555683,1.7378642007277707,2.1069918648045673
27594,SNII,0.14397776126861572,13.616716502566536,304.73004438675713,49.02565970916291,5.6882316471886746e-11,52.3897455084477,45.98354283151008,46.8324670153455,408.4333175146498,1.4742747970956471,2.89823902321512e-36,1.0000007518068903,11.982122678911047,19.475415439363132,405.80330469058356,22.672095731312766,0.26980172266441926,1.0000000000000002,23.162263291439718,13.627618605038684,407.2981133559624,49.99996870311183,0.42935230827991017,1.1003592024699498,81.49196154338127,14.610500260980803,412.5268938765333,49.99999999999567,0.5231897290765279,2.395160871474977,99.99999999999999,16.43541186757776,413.53797914034,13.242027597679714,2.2784869968846235e-37,1.0060261188127506,96.94891606923017
117415,SNIbc,0.021550734837849934,11.418860226118888,685.9994919539303,43.528486844557925,2.2604333125649885e-10,3.1226634534882667,5.53078154974527,29.539489556541838,766.0068777932619,25.64397938208071,4.7946775422823496e-39,7.508818472301881,14.466059659874926,52.47672977208209,758.7413109082318,36.37470591945936,0.08773704186131552,1.0001498843830834,30.08227695538997,115.66056469291692,779.7594061979412,1.0000000003909317,2.2468961897223038e-14,9.84924294923742,39.43463324842912,79.67095308831595,766.3978009293461,41.83878410702048,5.106202273745821e-16,6.557416682841171,44.92648215847814,131.35998562059748,777.401333906042,49.999999999985036,0.4947476493109985,8.842341676879002,62.542044736093864
260350,SLSN-I,0.032822092374165855,1.249045694803439,4.891706983919682,49.99999999117309,1.892322061596194e-07,2.425475854787364,2.857908909517817,16.555925364929823,823.5145944510017,1.0000000000000002,0.3857448860707614,1.0000000000000002,69.96799788544988,17.34328483136007,832.3694147528073,26.339543472837995,0.7958707069558617,5.846333657448625,98.62088823185981,18.929579808891948,825.6030291089886,49.999994471192124,0.2814004256193705,1.706439839718213,99.99999999999999,18.64381907347544,825.1327394627727,49.44506481670308,0.13536409531717647,3.4783994000543554,92.13206267421857,31.716059376699196,129.33658495144087,4.942319239739562,0.842514631145356,1.0000000000000002,22.992895455115274
271726,SNIax,0.10612324873606364,1.866614845083008,651.2623143058033,45.03119283253969,8.117369596638295e-13,6.243222709839616,20.73330479329019,5.807498245205648,650.7780172119724,49.91921146760257,0.5940538138920671,53.265759922314025,20.36610482458121,11.3736958648547,443.3325158579412,10.861186814299868,0.6729322863356558,2.540366544326085,99.99999999999989,32.98056913023577,446.3777726389819,1.0000000000163507,0.250482268592517,1.9729226923009766,14.007871791077743,13.305899857142053,470.65703049212976,1.0000000079424052,0.24585502017313515,11.175800260619942,99.99999999999999,9.686527521725651,40.02945329742349,40.92952427280093,0.3754768906858661,30.976673857805896,7.778494009413945
69990,AGN,0.21152019500732422,29.52721029382982,388.7280929180894,49.9927598754742,0.06435908198055523,87.66490845758223,84.78601732916815,27.1818177607041,425.67077577792185,49.999999994558245,0.19103516612728977,98.01968159880732,95.88233114556175,18.778600434913148,508.6159725818629,1.0000063077580845,0.011905712111217706,99.99999999999999,99.99999999999999,25.330937963565102,454.5942354779858,49.999999997780236,0.31719322332981403,88.97899492666282,99.97072658510717,36.34627061767346,648.8259231849037,49.998353682308604,0.4662530749963811,99.99999999999999,39.47589403612571,24.339271305560846,423.2920952943739,47.29214440101274,0.06175475137687172,99.99867989997925,83.2425831913945
86865,TDE,0.056663831075032554,24.8839812308252,705.5083845095929,1.0000005804098377,0.11659046687736707,24.746538495778587,73.16249593061893,28.105920078530463,752.5289815179638,1.0027543126088148,1.4862643811331947e-37,37.33460054631672,54.525216159232514,28.09569421286327,752.9921959388606,1.000543657696526,4.7105475933959934e-39,47.01057742736824,55.30089616680009,19.17311340854093,743.3128873348896,9.525050179065644,2.1919602812066876e-14,25.130094979957217,59.92178618540582,16.182611238442153,733.418130688706,49.9966109898741,0.23335367573159388,60.605870868743104,40.877903687999826,64.81197848166447,74.70875472339833,1.00000000000121,0.5973437100736824,1.0000000000000002,9.341947766657334
191731,SNIa-91bg,0.046293059984842934,17.323739999999997,289.20836638772755,49.99514377958484,0.43689878548450833,43.352788432539604,31.788931943892027,13.429617210995588,317.9675989690801,22.07366494321439,0.2590133642254018,58.479459833610264,6.11235288967421,42.84340961536714,50.78854540490989,1.0000000000960474,0.42546798195262003,4.860905708297504,11.246507407086732,49.94450764620277,39.72296383116058,1.000000000000659,0.29451226524139756,4.413657339260488,23.91857658446595,39.86600584333811,28.83827334787527,23.38784800136498,0.01934123079814111,4.1275185300504855,20.952422666221207,39.918362413833954,26.60026822849642,45.17449571256382,0.2678603083316154,10.811618993280824,4.359844956995884
136418,AGN,0.11155982812245686,13.91674966582299,744.2839118995726,3.0373668732452916,0.03504631475322882,33.592914740160154,92.13465269315522,19.427743652868994,790.4056780576155,10.720293339601593,1.4166051238537998e-20,6.374285408856494,57.12099754909365,19.35298394273456,792.3086963747318,13.06506592247852,1.3576759991588716e-22,7.94988282339789,43.688859685161795,18.45912528867923,793.137888931026,8.445265037295567,4.939665340845144e-28,7.712268821787728,44.37667060690786,34.765071873148635,801.1772008000984,3.3191992912918127,1.6695277504620497e-30,9.325354820628897,21.260470042764265,28.335325038801127,802.425273395345,1.0000013719978582,4.400094090806952e-12,13.787507721062308,42.74906634598346
158091,SNIbc,0.02847421169281006,3.7439878518108425,311.8364574926844,1.0000215758308595,0.0015795515244276734,99.99999999292959,72.4238779752148,4.618654273466599,143.27783464471787,49.999999999995325,4.971038209681304e-15,13.397308340489973,99.99999999999999,11.641299897494092,459.2139840637793,6.513143089635185,5.239498346126775e-18,9.573982581998365,14.243665827436901,14.912927934186683,456.91876633742,4.437129379521747,2.2925889063530553e-10,2.5299329720036243,20.938145615714525,39.62731499999906,448.6392241704251,9.549730063663937,0.8328127216635977,1.0000000000000002,99.99999999999999,74.67927247482989,39.192916944896034,8.16428079144182,0.9957746089932912,1.0000000000000002,99.99921486335121
157326,SNIbc,0.14957169691721597,5.816316053697594,385.04845096655777,1.00000000193837,0.7563672457030348,2.490156462186026,31.361379625566716,0.8562890615884204,633.9625737926305,13.458574946003099,0.10724599305505467,8.252045192509152,4.385112593123248,12.091880749137328,69.99890552314261,2.910914481344772,0.9368037742691062,1.0000000000000449,99.99999999999761,8.65649255144477,68.69210200935242,17.378903661950197,0.9810089367055839,1.0000017679118505,24.447189066454474,11.509744160650218,69.04019845362649,15.407320246043794,0.8489140808044027,1.0000000000000002,3.0014640686429974,17.336687352201523,268.9590258166985,42.2809887851585,7.523371365520732e-11,78.28922446734586,43.91227085168737
328381,SLSN-I,0.12182005246480306,3.073104640950888,742.3095987028585,49.38407186196189,2.1789599314658926e-17,5.693787736467318,99.56263055188528,9.479286577662371,10.427105467212812,30.39880235151147,0.13717186005110585,31.907894150334993,8.08831643444054,33.78805104272144,-2.849811830758821,1.0000094344635955,0.27224089299358417,27.39086204224932,35.49156662839929,21.32731633368823,5.286144739837623,1.0000000001418676,0.09507826572711868,16.785015666179724,44.44175620604487,42.663024431828745,7.536087562022145,1.0000000000711644,0.3184644274374752,3.852870277333857,71.20935507843198,73.60827495949216,0.17607895688148031,1.0000000000000027,0.42885766923898866,1.340666156030446,62.440009736144965
212814,SNIa,0.13761528333028158,7.269077144772315,8.264001942884757,4.744820876640558,0.35264135910753125,2.9039116861392285,37.984523466340335,1.211191664421629,290.09229919872496,13.899211174196047,0.03373148905668021,1.0458737870405415,99.99999997246401,6.503411565080791,441.973652038795,39.632344108339005,0.7900802765459838,1.0000000000000002,99.97280889354641,2.7062447739717195,488.8144968969969,1.0000000429216294,0.6829058033918844,12.955643590544707,99.99999999999999,6.541277651196931,463.042077832031,48.17080272955987,0.20806671341656346,1.0027077931373296,18.43891495568379,30.67641466036413,487.33583597096265,1.0000000000000002,0.8298376737502198,2.768142589776146,99.99999999999999
235595,AGN,0.011890490849812826,7.139125676750282,582.642123752999,3.237549829524342,0.291970214980714,1.0178276355712157,2.532063543587948,0.9793214023574908,614.5036522334053,29.126983664715528,0.9884745244082106,5.852631955418158,8.140326988744942,1.029241216454925,597.1002003479764,30.70287826298898,0.9853518617183471,5.210736790115778,8.930722393919789,0.8402313070639584,601.8661935028259,32.81236964181554,0.9999999693386065,5.428022425752448,10.522091727422382,1.8289542392516533,593.826615141149,31.32903194969533,0.8038010272189778,5.794131339575395,7.643436940361823,4.892311600157877,-241.3770957379661,1.7769529281060739,0.6102572427213233,1.7939106994883218,2.17494237801456
11260,SNIbc,0.22220277786254883,19.83137473014002,309.83071115099267,1.000000000000122,0.8397819705617954,25.199760600768442,57.022418249527554,23.100396587240443,378.68767970263,1.0000353811931026,0.26450025715437553,2.4743512572343507,1.4963814269331703,17.682268143741165,364.54661897535675,1.0000000000000002,6.175782915360782e-38,65.51352319565311,16.40966262090312,15.712815861009956,318.69678787499646,47.46777539580808,0.018449917779117305,55.05310609129651,42.44338832768587,15.547254086251973,385.1333692947594,1.000000000000033,0.19064600350389702,13.154749356837081,35.96301199012406,18.977532650661246,322.37948143397153,46.91446227371403,0.037608855291306906,73.42888843571313,71.56060568286321
91952,SNIa-91bg,0.32628798484802246,5.69733453525946,1.209433433080221,1.0000000000645253,0.3895179383710914,1.2096121581485249,20.477389256761736,23.76535499139697,766.3549215527162,1.0000000000001321,0.5234924983132696,5.073173392310335,2.119494142259494,38.6316174200963,672.1202236501431,49.936070338556746,0.031117877539310435,43.90984696476191,26.11079410961597,258.875946954837,723.4712947094149,1.0000000000000002,0.5177108776427194,2.4957414213130407,22.664454055195897,118.68868407314852,664.9751513634458,49.971094839295276,0.0025866267453793826,44.74460509051949,35.90794693216432,276.4538142433948,726.098552254352,1.000000000000005,0.44015813535306836,3.0539285600338855,21.43954031689596
268321,SNII,0.09075558185577393,23.034125108037724,323.11534659924047,1.0000000049329754,0.5226824774813073,2.6575606311877173,14.48861550935524,17.40604037653135,345.9274231797833,49.99743934958372,0.07582768788154967,2.0910207766985285,12.646327453185396,11.410027540769665,372.0942100356136,28.684513592374866,1.0716508300006488e-09,1.9822680703475053,29.923520638199975,20.16272554189381,401.64250721662273,1.0030702303951538,2.6579138653697645e-36,32.58980191849347,63.92390616524874,13.925424535699596,394.5285946271252,1.0004911740926814,9.023935901642015e-05,6.252058979184007,85.64375151897765,27.875778545305046,346.1071250223849,49.63705358597387,0.6433535541915154,1.1135162791617725,99.99989063849519
241111,SNIa,0.17633100350697836,1.4358412222611374,635.8686179225205,49.999999999670926,5.42899108945369e-11,56.16981305236993,8.521527164275138,11.343264497961911,93.2379116670374,6.237461171325943,0.9152089305466595,1.0000000000000018,10.869837616860123,6.5346611586545205,830.7027230739955,43.81578353203951,0.8009571103252754,1.0000000000082074,5.161654066494057,12.510021089304429,834.2297903567701,25.446158949124225,1.1877061023737129e-13,5.235259639251564,10.593090068360986,23.416186912629797,844.29270027556,5.412277964103968,1.8351069787806377e-15,6.8355287672144875,26.648627096845107,24.456299267352385,637.8477234399587,3.933236401287182,8.899497445678428e-11,99.61899196653901,4.942194045921937
272064,SNIax,0.12442100048065186,6.654059340720863,625.2502559228031,49.999999999456094,7.439909114749369e-11,79.20852031259784,66.53666865231332,16.3371299132938,729.4865709359734,6.365561959290445,0.9999999999999991,28.14739927965666,2.426295705956439,5.3873292209676045,383.3562624815196,18.294040970274054,1.1680832401255073e-30,2.0877198055387005,19.212766582469932,6.916313331633682,385.5762429038916,40.531553890498316,1.9025892457455534e-18,1.0000000000020788,9.322059396586923,17.8871140679469,429.2950855799729,1.0000000000008495,0.22972101340446524,8.652150030269738,18.610098790996147,23.49705450800827,415.49236833603436,1.0001541528733164,0.0001758669905815552,47.79977375390489,33.79309481037267
248248,SNIa,0.13531641165415445,8.050450913467927,276.217857218372,2.876533835431893,9.186842598116755e-11,92.61154360273353,49.2365945891106,35.31504105287928,365.83609830526115,1.0000592099058192,0.5661924515553167,7.132826033170398,32.583938702305936,22.247462773449396,394.6333062516985,10.616218247868952,2.7315622861708458e-14,3.3171268565620737,17.68479596328838,39.273048740525844,394.39743154205377,24.892381861105683,0.32527202514894454,4.124593652496929,16.950916884744853,45.02856058307372,395.2870004776179,15.56474948891329,0.10306787218472285,6.912751331598616,25.165889113379105,27.938662651117784,387.14066894008965,49.99999999999999,6.4225277976466e-17,1.0000000000004743,13.618654825764002
294533,SNIbc,0.027839064598083496,2.399365026743041,630.3144042455449,3.6894438166845243,6.353171590541738e-22,14.750939259498818,3.211157406216806,0.9265710000000001,625.3788858774328,16.712652432606134,0.068038951435505,99.99999356328135,5.904526111306013,10.676290936462944,823.2786692038674,39.11011611361822,0.7210545139160638,2.9570869889276774,95.33447094854363,18.821575642850082,844.3364562053475,1.0000000000000002,0.33399940511457,6.468802218649641,99.9999999979077,17.031014946316617,823.4811464978787,20.94364661693919,8.260897626482394e-13,3.8310876581057216,19.42497641151301,30.342848441431684,823.6193588071933,44.98819445207242,0.9999963391208079,2.2899376961939426,5.666351354998347
72300,TDE,0.06126272678375244,108.48870959436707,796.3690026542242,1.0000000000000002,0.39405763050136444,21.011839065200903,42.69469364435636,17.10045045242997,773.2400096636917,49.99999999999999,5.421139280687896e-19,5.8361467167679795,99.99999999999999,14.98108283885369,775.1160061283746,49.99999999999997,8.86506380236651e-15,9.578284800554009,99.99999999999999,17.789671776344367,788.7222393564987,7.571442333550962,2.348068203496985e-39,14.988034726985967,99.99999306569343,17.57760011142541,788.387176526244,49.99999968842393,0.6297858429765135,9.34310988898334,99.99999999999173,49.96638345769081,76.30297133208546,2.819860500694608,0.9999999999999999,1.2747405703378976,9.772861301208966
227699,TDE,0.06586349010467529,10.962949434879299,764.9847620139769,28.114553945903086,2.806443842928124e-08,42.79206488361225,99.99679722838704,16.42024531572493,772.2362811327473,12.28702110307794,0.21230622279563294,39.92689183328247,99.99951822356414,10.752679120584538,806.9646782107739,1.0000000007276877,0.021378578647235746,58.50700388161283,99.99999999999999,9.311303827018637,765.0576954058389,1.0001423050593625,0.05264298953333498,21.765015973178777,99.99999850943338,9.896234570786362,786.5887964734952,1.0051690129012427,3.200358934210036e-38,51.63121274641737,99.99999664222115,10.413685399674263,703.2128719165569,45.81711657438331,0.019703527248581154,66.79903413439168,3.1099829483723958
246324,SNIbc,0.04424945513407389,34.83709472662909,6.735833503308044,23.52937158674405,0.9999999999999999,1.0000000000000022,1.8318797649351437,1.2632441608557687,266.6452281312896,1.0135452748246516,0.01136743647871169,99.99999999999999,99.99999999953509,6.524968384374721,28.716510709291033,13.582931280501105,2.9150486349896624e-22,12.866998152475787,27.11948645917174,21.528895317220385,48.23662268449025,10.004904848541987,0.737155567324552,6.175170804835323,39.49652694647214,10.244565036122014,25.249628240064716,20.326618781608964,1.809318278051651e-08,9.917925628127406,34.231981537018065,154.86810309157633,659.0702180522632,49.99871907433018,0.6804547392787393,33.460361244141296,11.141602869356905
326679,TDE,0.118988037109375,31.499777936349314,625.6504886454148,49.999741057533065,6.20649921309967e-35,5.050398265051426,37.23162268513172,52.62740066144453,667.1682062422248,49.93032864571103,2.8561314111381936e-37,39.645171396943745,30.672474041565515,53.12992324178537,666.3315927791086,49.99952915183011,3.6444626477191374e-38,36.95681216254868,28.00261108217709,46.46899594330492,705.5425711091614,17.540256782952635,5.33434324539735e-09,22.348753269585522,24.762716212165,159.98660999612108,706.4674321066163,1.000000000000003,0.33511583979251125,24.705861416000463,21.75679194248851,334.92194976800414,589.3834006373966,49.99999999999228,1.1208723872930238e-21,26.414887768020254,36.80901275389578
14114,SLSN-I,0.0411598285039266,8.167759444626796,4.386933325600681,1.0000000000000002,0.8088518469966215,1.0000000000000002,99.03647501896985,12.278521622854397,30.56018362116483,1.0031023741890492,0.1830250388411969,1.0000000000000002,2.462399600786069,14.217859999999922,63.226183295032044,1.000000000089014,0.4562007304538689,2.276450577153987,10.969901987408853,6.259427628295965,699.2041769192058,49.997398187921554,1.9538221727853713e-10,8.053863767303529,46.15850169058693,17.18776464601567,695.200952261994,21.60947205920654,8.13344905401141e-15,24.52972817785069,83.66934379142441,24.68223196400579,750.984457724415,27.270930824939455,0.20144898355011656,45.35265933434587,99.99934389265452
254386,SLSN-I,0.21633338928222656,3.3396046173303233,171.89214584380545,33.18186581681194,0.23769891841918322,48.37239423952562,11.363065990178457,4.230463900510111,258.38958613412245,42.17140042054244,0.020998241436004234,36.2329847506719,24.437134834295826,7.7548339003689675,738.129753068785,1.0009733612842595,1.3453160254132233e-36,20.715509072762398,32.74856916362429,19.027907331752747,636.8631479098915,48.316853998806366,8.714973788682962e-06,2.8046040768480847,68.80994214325835,21.713234808096402,739.3143873349491,1.0012244729715867,4.3378930255369703e-38,33.56190048017621,73.99503231372039,16.47418442410255,743.0511912395493,23.483656305856904,3.9165002958603714e-36,7.097867546356536,96.83649512465118
74982,TDE,0.11178139845530193,55.77434085112214,297.22610775638134,49.999407047761935,0.4060227302331201,32.4857838776986,55.73575222082952,44.21873913911712,386.8843648932881,1.0000000704588412,0.013134194597881718,49.143042635808996,51.244312297212,34.13449993290611,359.1248352964328,17.822373288738337,0.2003754965673537,21.7823454001576,51.61333249012106,25.069350936104605,383.40096240158084,1.0000000704404368,1.4171916264012648e-15,71.90018788007634,56.19306067748118,20.09525074801568,364.0210200250649,49.99999999978476,0.28869849551202836,60.43373057560989,46.21390512828266,17.360617517448425,306.61719767879623,49.99999999433917,1.0319604707564551e-10,90.15563531650643,67.98476582491652
39688,TDE,0.045066515604654946,9.021283459598429,0.9517955731713946,29.630752374186116,2.142606000118712e-09,2.0045551818966323,36.4911661163844,9.457317778322459,22.43996894168385,36.85362375418684,3.606287201918802e-33,3.940894551019972,25.277036795189378,14.76705005781994,27.771007599195016,31.97431196475404,0.44425768868543153,1.0000144085595535,28.18355990192267,17.6429498051275,33.21151340856738,24.82667729706778,0.4027892961484117,13.207555632205022,24.564591772103228,9.689737293851845,3.203869651535027,49.99999999999999,9.282059510358892e-35,1.0000000000000002,26.91704464543938,9.976435057893148,41.311589039929444,49.999993148800314,1.590970645471615e-13,3.296482930082006,11.761925519668043
226127,SNII,0.08461630344390869,3.3076390547022623,2.2455609999849155,49.999970257627474,6.2106060048583744e-27,1.0000000000000002,15.719727707399144,22.579429438064185,835.8265360255319,19.837230879692004,0.9999994325632315,1.9619987783627921,92.05346898722684,35.50627390383209,839.1084931070325,1.4064939221167707,0.43114254159574983,1.0000000000000002,99.93028456766595,1.9643650000000004,601.2427617623364,4.622104149363651,0.02058035749409657,99.99981713026588,6.083589246625691,2.2776058000000003,703.9465909487947,5.367684033437855,0.027153147336049267,99.99397891529657,3.4511712135642307,7.3547892838132904,728.2310687040722,6.666204834815865,8.789341907012973e-36,41.953028822391,99.88749385096617
86344,SNIax,0.0389633576075236,0.8546110000000001,644.1056094256209,8.525163486159752,0.03292825294754407,99.95424414737609,3.393664345222417,8.308062741291488,692.4486853433524,23.850661016755573,0.016976659523278224,56.30254927071463,3.091488039074419,15.513270614145574,465.7888611976598,4.181865095061336,0.6143234629785556,4.938077232948993,78.41108725622463,11.07997917221899,460.01271000432666,19.435409462105504,4.90353287823278e-16,15.827805227954817,5.196162214969643,20.7399572888469,472.9982400374042,3.292466560830299,1.3414995239476106e-12,11.480939547066946,99.99999999999987,4.808232697676733,278.0700633205125,23.777077059073143,0.08890298594240306,2.4651857599061415,99.99999999385253
123824,SLSN-I,0.15089579423268637,9.297103152616183,331.70408059918475,49.45422199198776,1.7046248530173972e-05,37.41058312789655,24.570664193461415,25.79025371187561,369.96222060794514,49.99676373907299,0.5910907599118291,39.78065470270237,30.715115961331584,54.89953228358887,362.7303363623824,24.23756831656396,0.27180048230310894,30.892376319876934,55.32752444337682,75.78083571474053,366.0121841935636,45.73207192360173,0.3549189767486621,41.18828465971193,56.67305924235311,93.52049979159769,365.76097583022624,26.79445542527364,0.05304848284439976,51.0789721065775,81.86470918399388,87.26558889170065,452.0017695299892,1.0000000199251233,0.024713708322804902,61.2536952468158,59.79508666260616
162092,TDE,0.016591628392537434,89.86427163954232,74.21095514947956,49.999999999500425,0.11680297612093865,9.050933626231005,83.5223461643893,71.03626854766426,66.91426707962515,41.748881438471905,4.3031775619933824e-16,7.6827410653405135,73.08427187667715,59.35156618806067,68.31001949695663,49.99999999999955,1.0524029500899943e-11,8.22538965274841,78.1049899431856,47.65781550497053,68.53948005847793,40.69702084638091,1.5228917259890883e-15,9.373990261210274,61.489171184176314,42.90328553699014,67.11887565595055,43.17766358036282,9.927983561501342e-11,11.641009878565356,80.31951660199675,34.421738393153035,67.46278508395027,44.381054313449106,1.981663592118354e-10,8.31842394493346,76.52312760939544
16622,SNII,0.03722564379374186,2.2950695202643736,441.84173051054495,49.99806653660922,0.13322823656482474,1.0000000000000002,62.91400164337892,9.502251099929342,83.6625473594146,14.160040054790587,0.7959866077248604,3.5045170139044486,19.477678205819437,10.031776920030005,87.0361526639421,8.427231976363943,0.6156331643186892,1.0000000003597311,14.166745966934434,18.610678371726838,89.08626947006351,1.0000000662671982,0.3220170915520143,1.0000000012330683,15.580056803634184,10.78937451485804,96.50507805676088,1.0000000473439377,0.18368582589063892,6.136116836174947,13.425224942159717,23.291361160993226,106.64931004216066,1.0000000006295717,0.7102482267008569,2.8488802182268564,99.9999999556065
66269,SNII,0.05611777305603027,4.88761660409035,266.29748105473965,33.8961288677876,0.100144093575402,91.8807842420271,3.1765366819990124,40.417109999999994,203.96536710136147,1.0000000000000002,0.8898993078819702,10.645582548581768,99.99999999999999,32.215261393805356,131.12400666956296,1.0000144803442326,0.3977089010141868,3.3123569943442526,37.319678630183056,42.98851390333884,130.3454429488926,2.434485386912784,0.6033807169911891,3.2728664232043325,78.61725075092481,9.134743619135424,118.75229641072205,25.62848666030436,1.4391896706238651e-10,3.5601244213520915,4.171954062780431,16.63877164785136,122.00618192542784,49.26465925465136,0.32106436845497877,9.606536957361726,40.981879770315416
137797,AGN,0.16705278555552164,46.45822834933008,689.8534093648298,49.99999999708604,5.6800907715495843e-11,66.47799739907703,98.18185150827735,47.498745115375264,809.9011476643674,49.99987444313973,0.2489755524412262,63.36751916640731,99.9946408620077,48.650679112860324,808.8963242423517,49.99999999955561,0.26651731510956445,63.43421275943803,99.9909974427242,50.77318825248912,830.2905084430058,49.992628219884054,0.3930986076349059,64.36399320069279,3.6713331069081376,64.843519654116,811.0338852298239,49.999999999072706,0.2659001995527384,66.16141872760844,99.99781975654653,62.379808695064966,827.639289748564,49.999996655595574,0.3676969960080495,64.69824834010454,3.9911494320161838
161409,SNII,0.11136905352274577,2.188847634293611,280.14607795935274,22.3200771791465,0.00020893140684920215,61.297430979205785,3.1862413953987407,25.196703602972452,774.3168832722171,3.4109728902141225,0.540721681439017,1.6983173825226436,1.2835400961770171,6.705092966547924,375.3594941641289,49.99999957516133,0.03271568918074878,57.948819651151254,15.536713170022937,11.61315250469566,403.1327410465639,3.510021490880925,2.5574564049924163e-26,1.000323420928663,26.609440728703287,12.82861977959233,425.5759883813243,49.99999999518104,0.9308707464239976,18.13026156955381,78.44447632906763,12.192479037978659,605.2092166645198,43.97035084864751,8.812892676674144e-11,88.10206346285644,46.23022495832456
203450,AGN,0.026623010635375977,32.9145729730834,710.0004651133358,1.0007927890163273,0.00022604226911845127,24.685587247551357,38.210372782383125,15.858341505513799,0.30437880452851995,23.54855688399621,6.829133021676944e-17,1.5259165029165438,88.8919886378757,17.182240893880593,-0.11710855350780203,18.654178136688554,9.385196655185853e-08,5.217260249585407,97.23652984347345,19.739120658082275,0.2800125187021197,17.07284797040893,1.0547310116084325e-08,1.894928840590774,80.83342165437203,24.94375720801599,-2.442590094724918,29.056047604849777,7.94159399093634e-12,4.958767084004115,93.882547121133,20.43110721855466,2.5757246741575193,17.487284569820712,2.586951661460969e-35,4.597940595105188,98.34127858196484
29566,AGN,0.06658124923706055,6.008055676249442,199.12966012974778,26.048879901041868,0.4245749324385497,1.1758525304838443,68.9028875709585,14.80350946328554,420.0328341804504,1.0002150779760612,0.25197851678570177,4.872164270412757,15.206114911745964,5.127118171003873,400.2489687623637,49.99999998809864,0.5776528221636302,2.8345256475336886,4.293542460951406,17.49035752217089,419.1567636252894,1.0004249621640497,0.25943677721679087,5.243853791143766,14.624583684244104,17.68526943519085,434.50750801948726,1.0066372926661178,0.03922700266724292,10.770314293106546,8.480707545858314,9.191348621567075,405.848537549257,49.934540880027726,0.30143449530521893,1.0010289412416797,4.034882855393106
289116,SNIax,0.03170645236968994,0.8764480801689759,634.2172771178338,2.7802361646922935,4.719113936803197e-19,15.86912741318304,3.2380635431885505,3.103325587981982,799.6960442280922,49.99885060755731,0.49109299640530013,16.447484825502602,5.076006573762083,30.678195672645064,806.6373390266264,1.0000000000000573,1.5951741139881402e-17,9.012459375524667,7.575459971896585,8.6879396620978,782.7677577534082,36.646188122623904,3.327473597186197e-33,1.000000000021636,25.595971055656296,16.246643947131275,-13.346319248361178,4.171902820833488,1.599766013498393e-08,1.0000002734280486,9.381788647891241,63.72905414962684,31.66488234740291,1.0000000000012796,0.4014354889663036,1.0152678382122238,6.907518082316261
173517,SNIax,0.06492880980173747,2.031302311359962,267.04935371278134,32.15637003623196,0.009188999803574535,66.45613431939529,10.816668763402806,2.9401644625853014,57.51735830885795,4.448794262173443,3.651149530878171e-34,50.044558864344374,4.609554410128066,8.445988955224278,48.737823041212366,12.648265586607941,5.094043812602685e-12,8.783027286558823,22.481307264614138,8.760577371539208,53.26060115064748,32.35887018225242,8.887982083343493e-15,4.853970162186215,13.037834395092107,12.046478914182526,57.90840838323162,28.572241275426563,3.800148245325182e-16,4.472207312418451,14.928680386662096,39.888076682640325,68.12992996148495,1.0000000496559462,5.010115223809593e-09,13.133970323972234,15.103328297733132
21974,SNIbc,0.051291426022847496,26.22334402078287,317.79093627498315,1.0000000061783445,0.4601355073263345,1.7865835904606928,11.684895596599876,9.434288435290169,824.6195647729833,1.0000010867530664,1.0396588983965198e-38,24.783854699144893,20.875946516116993,13.408388003194704,806.0231544219514,7.154348912036279,0.03921898032159895,14.91846029745914,68.02654013911227,16.06242002231293,802.229437771048,49.99999999976977,0.24893562714670806,7.972888624983892,99.99999999999999,33.944197082785564,825.1692911354842,4.497116788633983,0.2604674906016363,11.436139477012384,99.99999999999994,100.94397429936402,482.70094393480656,16.707348894415617,0.005069511414177845,1.0000012040371749,99.99999999999702
284282,SNII,0.09909506638844807,6.90907052329524,314.440150822048,19.54164321551078,8.44826908770517e-11,95.29766555700479,12.2405669273309,15.277342434316468,55.33187034027213,15.100671760933038,0.6512880903738755,2.209617677901778,10.619083092250083,14.807843083211774,50.33357527106562,27.23094772146101,0.8280704927360311,1.0000000004321572,31.65532121926879,7.845883254795669,49.93102216336713,49.35861536474711,0.7022723906647803,1.0000000000170883,5.236237305969619,4.340269179485714,58.83359826798919,38.47280482852598,1.0564474933068826e-19,1.4677772610977775,53.3941356777288,8.28621526039984,476.79945013727547,37.38494861791016,1.0111708754348719e-22,2.2692274237205807,99.99999999999532
340698,SNIa-91bg,0.029020110766092937,2.3683396184864107,85.2656860362019,1.000000013828315,0.999999999630796,6.177080270961062,14.59750883170383,1.2003992516026158,15.458960072756813,24.784965289158624,1.5730405151006295e-09,1.0000000000000002,4.223890139932964,6.145258129651617,76.8844476536131,12.500303456641813,3.170964417281986e-11,1.1688171994784555,6.158362955928521,16.01564613801057,78.72599350028696,10.499496754905493,1.951640127978692e-10,2.6136687534220067,14.115452734036781,24.984371019474604,79.17076440754717,13.759516281530988,1.0196382515052032e-14,3.456269306671597,25.25527539509658,69.77275889343892,89.84064685744757,13.392849023447027,0.767749119629892,2.74708408471366,99.99999992850167
23667,AGN,0.008313218752543131,4.433478445047639,612.1724092676296,7.71698367823657,2.319162023487611e-18,10.106040051149412,3.151820225810671,1.7203600107217323,244.8215040721046,26.74865880069515,0.9999999999998901,4.448741557929109,17.885027739161092,3.114496457569289,-210.89791404010708,5.760963794620532,0.9316243148752044,23.98097126043183,2.3501267348608597,1.2949780854622666,-129.9413359687899,11.591635221275734,0.9780404048640092,44.604902719434406,7.284121529693396,3.9818267739369015,231.12719450179097,25.20143259927311,0.9999999999990461,4.172052527623281,14.047637053045674,6.216047410738114,258.78907120682004,30.807332413298646,0.999999999999925,4.979763389461437,16.614126012201652
338212,SNIa-91bg,0.1666837533315023,30.564014505092587,47.231153136022975,1.0000000000001275,0.47787532459636034,3.2489997329154283,8.144438776703096,4.6408968715840775,339.08492003586247,11.878864810207425,0.0016785385124227727,10.89742784364034,31.168592993671123,29.73839870839611,351.48445852759846,1.0272619358993689,2.1121586353688339e-35,58.24547516148206,18.543399948630753,36.927297156420224,300.9960830289037,49.999668259751324,6.367016453179554e-13,5.395293857976283,29.25898876064815,66.59677530681081,319.86335969559724,49.123307663676535,0.5149067249826856,1.5740716082657413,29.684783046904023,82.71438692161134,369.8272810637603,36.45865834388246,0.9999999999999999,49.38975246570631,4.960543893677629
158696,SNII,0.04668021202087402,3.676407003085096,272.5349497099867,24.80903140071899,1.1601656894086336e-14,24.862065452736022,3.070997453953397,7.365800751163041,847.8722417061329,1.000148133665755,8.588407834507532e-28,13.011343779428477,20.66387409562562,8.209426540178656,842.4437995278503,5.809739879972429,3.358658264325832e-15,6.061342052656534,38.53388609675789,6.167110601643437,825.5741106579508,46.52957279768434,2.623404973827679e-08,1.0000000000028015,5.813763704971589,9.643738482642133,873.7571999999304,49.999998086409434,1.0346877073687933e-10,36.90471584043623,93.80878780863142,9.986098489750864,839.1853657625619,44.1386207106684,2.2900016948634655e-32,1.0001180232743414,4.385428378225896
4494,SNIa,0.024325768152872723,33.46437745253309,677.779762897025,1.0000012812877943,0.5029784112370912,6.385062951344092,23.508336519836476,57.258182731286716,756.1165525659748,7.5127630441968645,1.6211439098787058e-15,4.938852083647745,13.98820742586672,119.65184942815546,752.9499719254743,17.325721000356214,0.08210747970945369,3.180495015888987,17.04373408822318,108.05870698105683,752.1899930745516,18.25441492304343,6.921380391120522e-14,3.486009483296313,30.369063455358322,117.3402739453415,757.9210799879107,9.981074272973649,2.7153760838159597e-13,2.9141266312663756,31.191639403505725,90.28712151848487,756.7061649382014,49.99999999999999,0.5862602552628964,1.8649811563870782,30.943998826859172
250282,AGN,0.0007973909378051758,,,,,,,,,,,,,,,,,,,,,,,,,,,,,,,0.01542920982296563,-176.62480766524672,13.459885669298972,0.7714213124476875,48.98195036645081,4.9111774902811405
232342,SNII,0.028763373692830402,1.083083131103598,561.6521392593615,14.998472869688989,5.963426087425981e-13,2.3354315838234907,6.012998114759083,101.22853499999998,735.1682518599218,1.0000000000000002,0.5144913741038386,25.932688346875263,20.695716186051392,39.376350418661225,752.5653029386389,3.731885536232304,6.246688516761467e-12,3.7178604114338674,16.124325154161653,32.38562796919564,747.7364025779522,7.611368371446786,1.6368605319367528e-08,3.901899210336033,16.43129506101778,57.76754303895572,763.7134064619651,1.0000000051959164,2.2247064343909374e-08,7.1025074561178245,9.254852964385776,68.53108458250003,741.8207392672592,1.0004549581069524,4.7287147895736724e-05,1.0000000005785168,13.90402199277063
239263,SNIa-91bg,0.026364485422770183,6.041868738499724,109.60224280661588,25.324153622999653,5.132723085117614e-07,7.502196288046814,99.99848222672755,45.77086048395704,827.7121657002166,2.0008261299473027,0.0022481099417374553,3.927428890408937,9.511530762372386,111.4217244272952,825.9128920425511,10.763438549881183,1.6423212765665413e-15,2.3440099162308794,12.893096393245807,182.81911634905336,826.4315635978064,12.656719863324724,1.080915494715272e-15,2.439953391328611,17.025189109533375,187.9387918357391,826.2627190818293,13.578197927832147,2.0410571461086917e-17,2.4626025054740417,18.376254627476023,169.38998303849544,826.7823220012432,20.135362312045437,0.10612333748373137,2.2893552115633327,10.959286712861926
125400,SNIa,0.09082778294881184,4.024814150061845,86.41401482574446,1.0000016930649969,0.9999999999836294,1.0000000234209998,4.12872141092288,6.034293921492585,285.48132022947794,37.19884461603081,9.268198607746954e-11,94.65079302660816,20.895714023168154,9.616245128872325,60.67109729592786,2.899820844037125,7.701018935891816e-08,1.6579061161046553,14.536804187466268,10.362491975230345,58.363134430391916,21.877919207306377,6.7798027382783e-26,1.5554918563706912,17.733925355882896,11.75460134586532,62.381483440914266,37.43001801052872,0.1785191029343882,5.826623480596435,15.097727744598272,22.99590127005217,64.02849580339304,43.90980758957875,0.7362357059917437,1.983808277642149,3.9004219487872684
249384,SNIa-91bg,0.040655175844828285,10.020610676884203,303.7701307558559,46.7243040045046,1.3026677852473233e-14,5.72825922108028,19.365406325078883,61.99905473540563,368.4019975282756,8.71272952229221,7.925863993932603e-11,1.4903750666664244,13.964154981802185,259.71633893109,370.3135236885963,8.43866650994014,1.0708362026749849e-18,2.150301282304485,17.84612269340715,400.59546226871214,370.60034044721795,10.035519524376072,2.729108088206371e-15,2.2886106888937077,18.47284310809097,346.9966522997108,370.3768539438584,10.419495319286385,5.791507706506852e-14,2.1739670641197764,21.397476990254397,404.1040063189013,371.3185093411885,35.15434911703163,0.7490610915892776,2.136694340768193,36.75782146368044
161755,SNIax,0.13189848264058432,42.309716641018404,110.05864895730804,1.0000000000000002,0.6505397538921424,5.162028764077998,41.63021070169182,30.37642099456071,97.14454181315766,2.0555759991414333,0.6353970063283059,1.0628664783896888,17.11698059405172,14.482661414240061,89.20616924595227,21.605633113526665,3.209400006157981e-15,4.670459367096685,83.94595411838088,22.616124192028202,90.99729266616038,26.832914616784702,0.43643408198456457,1.0000141582147686,5.837717061900295,19.075156923276943,89.78289927108975,21.057447666804766,4.504539653472853e-23,1.3790477293612624,90.66257488279373,18.679982734896786,89.11661378875388,21.91581559950307,1.4856005980082648e-34,11.958842675657985,76.00238491185694
320143,SNIax,0.06310431162516277,1.8779177270228857,715.1911606717343,1.0019093851000678,0.005443518855603578,70.85691850602953,41.15952468694539,4.102956456607248,381.60200604059384,37.63840411199973,0.9999999999999991,6.202526027450863,1.7833661486075625,24.52866137294844,392.4288720906102,1.0000000017897173,0.18933623932715932,5.4859556406111265,16.71119953192958,19.814900703362607,383.17875331399114,22.25135001990785,2.2469400182050418e-10,7.862704579897921,12.61338791639119,18.028173788005503,382.36497915941993,28.464669753242024,1.1816019288769657e-12,7.141520139203702,20.14292826165987,42.368724485337545,405.1007692732301,1.0000005113423533,0.1660866495015822,5.727392157819467,22.63778907833411
37890,SNIa,0.13660947481791177,3.509209298215117,757.5057640761535,43.65764216829,0.26729304246379426,89.63374817277534,3.4721286287865953,32.10902073234075,7.620283297849739,15.454360373648328,0.9999999999996542,1.0000000000000002,18.878211962005235,6.4576249346626176,292.3068816934258,49.620812678627935,0.041714042927086505,92.50819934784572,42.776102783165676,29.307891969839805,372.4579799060853,1.0000000106911855,0.5962067497645794,1.3837082307852953,22.43583741346143,25.892909116467862,368.9681041463337,1.0000000000000002,6.852872318155714e-11,7.04008622298219,18.15568561547263,30.77035469015758,308.50988159364044,45.49795815150073,1.9876016857599664e-34,4.585353320386403,23.248416866605304
185049,SNIa-91bg,0.06551082928975423,0.8597888299112408,273.6867322609338,22.696041114344162,2.090568010114318e-18,29.61308883382093,3.1628050346768535,30.145579582197392,399.0531551137822,1.0000000001905291,0.4761635226214219,6.062193516337489,5.68203079799765,9.928043008610448,450.52208724796685,1.000000003494088,2.2107222195930085e-12,10.545767154169079,11.915091608214658,11.431227818433404,441.21023262317897,18.5212710481513,2.920541371076483e-16,1.0000000001440021,10.55318870944761,18.785587717683107,443.97230927421776,12.159940657709404,6.349849974372884e-19,1.6711023378368304,16.73042138004302,42.11454556778792,451.95401287230624,32.53337446844943,0.8858226410190307,6.791211203618528,99.99999999998144
334493,SNIa-91bg,0.038354078928629555,25.700636854535386,302.7964514178004,49.96673006502134,0.9301946172973509,43.51541317171436,4.63731353299632,0.6378336001799406,45.58887109207823,2.110416144054134,0.9999999998211293,18.281416335469146,3.7558311958886,11.080061442522316,686.7732980829284,49.99775155259324,3.1209697452194255e-08,45.11213692952117,12.77864703962915,73.93213499975303,658.2903784423752,49.99999999999822,6.836661426339145e-18,47.526606799910944,22.554136517419852,124.34132598907605,673.5835974399539,49.99598166864985,0.4916624020835241,41.40845073068941,27.685213162410726,179.58430999976957,631.5387043657886,49.99999999995653,2.12163011300524e-22,36.92806631973288,36.38002288490461
102057,SNIax,0.09521571795145671,24.882691128316317,107.52517683935415,9.76088274333516,0.7368082249919288,1.000002583853998,1.0050959296580657,0.8246455858531841,688.8544603944638,9.423666509362938,7.178160557534752e-23,18.018788919408077,3.1845004792130887,21.25602539377994,810.4922933763137,40.95053587077909,0.5571502558185671,4.4796523613136054,99.31498935835853,53.420527968157764,823.4493010389692,30.03934487134197,0.7209115020777505,9.210141699631789,85.31466503667237,21.571490043771654,804.3515816026933,42.36217718257907,8.287771744347232e-19,3.655324920672054,3.9886144652028612,41.262588688833844,819.030578298679,34.17079096330802,0.30511721186657165,4.081769059730347,5.676640946420161
338628,SNIax,0.09074020385742188,1.8794030952246945,400.7136070234585,20.919615844742644,3.6659364541149115e-08,39.013856232344715,4.137279791478958,5.642494244702576,380.1921995838648,27.448102485271534,9.409768692402194e-11,5.243596815246939,4.236374290836989,24.24489804216496,387.37569057099347,12.359549220775252,1.1999866346654828e-32,2.4791731778162944,15.853079035407657,23.766900132150827,386.2977801827527,19.118942554033772,1.7370826426136063e-13,1.296246731912058,30.67571639667329,29.117647623858236,387.31487858574206,49.99999999992516,0.5691283901274891,1.5358740802575959,32.8937096528546,60.76630184244439,392.0238583497339,1.0000000000000022,0.2242016242734007,2.4732974836490706,22.785347587862773
17274,SNIa-91bg,0.03820788860321045,3.2874927054083942,198.9254158186149,5.969569466860435,0.12645022546544,1.9846340143179404,69.545884546347,1.0661215490094182,183.44322948792203,8.60552039076848,0.7565461075538416,3.1285536226502932,9.63660000594288,10.858506023931474,767.700048623492,12.885879813479482,0.3958174185869378,1.0000000000000002,11.01928568333742,24.36590623711745,767.0303528769929,11.927888842065855,3.890175495245822e-11,2.994320285883743,17.004194563603466,36.861704988146066,768.1214131452487,8.139889643318194,3.1902255603557205e-31,2.7063249244277654,24.36532113930065,49.11584818135823,768.9904510811883,2.71678536926909,2.2092947859747207e-09,2.6177929277676446,24.162366213350637
295853,AGN,0.20683324337005615,45.48763651664345,687.0312473064239,1.0000588880301216,0.01157697359260826,99.99989885424624,99.99999999921044,51.31833076963426,715.7863113608815,49.99724544069731,0.29373710313024415,99.99999999999999,92.90642639553576,44.260536314394486,712.2102163030158,49.99967084975012,0.30462132379264434,99.99999999999999,99.98580032943521,52.22759803684807,708.4510987022768,49.99646069967592,0.31655776263126567,99.99999999999999,99.99999999979434,55.15475071984384,712.1237983453547,49.997662950219684,0.3072856580580247,99.99999999999999,99.99999985777944,66.46356522071632,717.0802795520843,49.98875466216237,0.2287193015713051,99.99999999999999,88.31714833106703
198005,SLSN-I,0.12329451243082683,27.715889999999998,-1.7442597525945396,1.0000000000000002,0.49215133433099806,91.76689132139478,10.83838205036581,5.357588068047593,347.23230418825983,49.97368972831178,0.3929476392021454,1.2062183549487744,4.689809479252194,12.304388471496612,305.8731567749027,49.02093082941057,4.469022123402762e-34,17.305808652173642,44.63703747629678,35.171183120919245,342.60681643682284,11.677062055642468,3.649376276164707e-08,19.74365991710217,49.88789814240843,42.429370926307044,313.5512664244762,49.99999999989443,8.714812837616285e-10,51.81624275000297,54.60418647980852,63.1819247133794,364.01447805192936,11.158525837372087,0.04328289599951206,62.66616199144355,59.06567164619181
172158,SNIa-91bg,0.09995786348978679,29.442504999999993,803.2825491755332,43.27007096227932,0.9324532801706934,1.568193699090379,99.1582997254655,24.1289499995672,340.195490220317,1.0000000000000286,0.9757586788498387,1.0000000000083318,97.14298580293698,7.570595883523165,28.1648933900777,7.069949304406008,0.27361934627373297,1.001838110901954,26.171099266753515,27.862916072088638,12.024232204626996,16.827273675981562,1.5586589664698591e-07,2.25049239819708,15.33073277533901,50.57555009149444,8.998185310672275,17.34781637512031,3.690867005760068e-10,1.6325085675293982,21.351763160202783,255.09696407753165,32.17303295633786,1.0000000005393683,0.8943144649031609,1.0000000001225988,35.343367396303776
334142,AGN,0.029378374417622883,27.284521776765946,29.594736657169868,1.010274896900712,0.18302112636119053,10.368872282469736,35.049521928908085,22.05095070022249,36.74173110613691,1.0001080517120857,0.04234812992532155,22.632932295101348,73.97139488153641,17.63800356210888,122.59944577629703,1.000062527494705,0.0162540949345681,77.01435243327315,14.205399042176488,21.552678868232114,93.12450180875938,1.1072820574025162,0.0023393134859879447,99.99999984232919,45.6348249987485,7.1851137414477355,643.4466182800222,3.6420556655188836,0.14917171813428004,7.810613653132285,4.19052390204233,35.23514041784939,647.5590712429494,8.968867750102959,9.024576819316708e-20,9.513932303114112,3.012622803936842
286685,SNIa,0.2506225109100342,3.0444899933488694,365.1958513722597,25.97774952545128,0.14381879960635996,88.27797881301669,28.118037347289743,10.923694348581249,268.40221575125884,43.57419086298376,0.255773926340134,48.0529738162644,70.42135276869092,50.24684999736513,139.942294636211,1.7881290493192592,1.8630679661081823e-08,1.0000000000000002,99.99999999999999,45.30141363840389,490.6478061349321,18.463868372536982,1.2183388080457478e-08,4.487338754571573,4.701013046520539,56.81962411719435,490.2249906279926,49.99999999876173,0.7733590951541098,3.358375850187976,99.99999999993574,51.047000815600256,218.75385805066387,39.88986775958463,0.3442348352233568,31.177635576607305,97.95748649259761
30998,SLSN-I,0.14297771453857422,12.320219444281614,248.1274904315472,49.99999995008739,5.23745871854346e-11,73.4548571441605,59.47191359609035,80.59613415897051,264.1602238339288,49.82222342156428,0.0050936301061765684,1.0000000258835673,90.80663270398519,163.4124905114228,274.76753195833555,43.4549397321445,0.013205874608642641,2.3157659184591104,99.99998819327017,305.1991213902596,259.62145846766305,40.52450594431671,2.1164055985866287e-06,1.4328227503919742,97.6872521466685,182.71148766831706,326.6261710747125,43.31758692142069,6.860528963606542e-36,1.557193984226748,99.89122864998384,997.8859695881831,164.04984517692395,49.99999999843669,9.056864223950793e-13,6.157205416773249,97.53027608208725
210794,TDE,0.030860185623168945,10.142078435548212,792.2856060467946,46.44729466508687,0.272879139911056,1.0000000000019842,4.777049613490748,9.506679117796171,805.9732829449779,49.99999999844042,4.205770461718736e-10,3.924137831368864,4.22163261072053,8.276906864331666,808.249325601952,49.99999999999999,7.187477669365845e-25,2.930511073941344,3.7245818609781276,9.814819970292172,813.5055868040412,49.99999999999999,8.654283025195961e-11,6.5624288049510895,99.99999999996324,10.220708531154564,814.133372147188,40.89023038756387,0.3372141443179843,2.013301527513327,4.371046818184317,3.1564251827104823,650.5042564023935,8.456888798748254,0.17093829181658687,82.50658441023117,5.35803589772652
254717,SNIax,0.07143680254618327,17.242234899314248,151.40777308372904,49.29014633833552,7.549756272359808e-33,9.406702181397776,60.912057897004836,30.032424178644558,35.46212596904659,15.5013323639536,0.9942417542313656,1.6213795390633354,41.74515653405458,23.427876871304367,480.0081863634353,5.384441076329707,0.6005678982785342,8.010032132928862,99.99999999999999,27.352768638063495,482.8051625045732,1.00001190808226,0.19775936720210818,6.9956737651471,96.12086644790625,4.474621795404808,382.35237640013855,1.0009821129132843,0.033303421147774445,75.9527760105323,99.99998433498908,13.958478648044164,456.96466823901744,47.36137100326707,0.3701575793250691,1.8425309259022207,31.50740337657105
247329,TDE,0.02797536055246989,73.7085529520032,716.8657088644075,8.93977010425262,0.2278917559253349,21.899881208045418,99.99999999999682,41.80016466299966,769.6346677746548,49.999999423934675,0.06340590558379486,46.11849295838248,77.85563215290074,30.596555975947865,775.0321699544119,42.84135023140712,0.26595266296935166,30.79890331541231,99.99999999559778,25.563884954083626,822.0487729660615,1.0000000122311394,2.2804232892647393e-16,62.63536556312002,86.64383058215884,15.383733059846788,769.4940096932297,49.99999999999998,0.10194707929691407,26.149568144624684,99.92938796082468,89.06144499259027,141.12691655295492,49.99999981021237,2.5550253287406064e-12,2.6508033527824466,39.89561522783874
73951,SNIa,0.08975827693939209,71.2174165214152,444.8346970442308,1.0001485906172842,0.16647702106901885,1.945983290724442,5.278766518685239,91.83421064522001,478.033272279181,1.0000000007005863,0.18356626040834545,3.884837534662021,9.675821155912418,127.30974589229444,147.94538817199359,40.37793056121797,0.20949580049136182,2.3057334774815876,99.99999999999999,110.96234745633245,472.0919365752977,47.90067114286174,0.9370507445539893,5.211906856785926,99.99999999997691,90.30565380714003,364.1848259776249,1.0000000000003975,0.5566486054922488,29.130277756052298,99.99999999999999,64.01711874762269,469.38781578022116,49.99999999999995,1.1792249003701806e-13,1.0000000000000002,88.00771492718341
229361,SNIax,0.12083911895751953,0.8675292214628105,480.25663200788847,13.384469220898247,0.13167637098692941,42.3555860240445,17.159736795488442,3.7053765717626894,27.326623042080968,1.0003293216933231,0.3161513074645716,1.2874233987636203,1.000011949494397,8.798959321245018,385.173343490637,3.2974057499794047,0.08441093360687381,16.019458184786103,4.739725920689383,26.13683569285606,393.5208284803582,1.0000000105319808,0.1371737406111029,10.333885661464087,7.565216925102509,24.15623231480077,376.7060286713446,33.72480019530953,0.806979534081633,2.0461245657331113,87.44165413116059,14.013632263269537,708.2558484485616,16.854569440672062,0.18270928868771782,99.9698510630288,3.210006389630997
141065,SNIa,0.015921831130981445,10.689024205815654,2.5541954945853482,1.0000000000000002,0.7396048889958491,1.0000000000000002,99.99999999999999,15.042160877982171,2.4169105313057155,19.94297591888248,0.2455239783005543,1.7047163303580501,19.66478823230028,60.907122300450474,4.54707507937219,20.464416741507883,1.9669704140201405e-17,2.5761579611434624,15.341719288280732,73.2970877984378,6.717854674702136,21.42477281781882,0.17781350766784318,3.6590953038930203,21.987755886945287,70.798541456292,7.1151194867957335,18.736547039637625,3.186183566868871e-10,4.131674353206053,28.010316087509118,58.41792238692559,3.6527264380026625,20.964096826545276,4.621229836168225e-12,2.1743895595093083,35.62788256870408
180316,SLSN-I,0.16539156436920166,13.205765754182817,707.4526040409647,1.000040198210311,0.6875746214011509,1.0000000000000002,10.149679770871789,26.35116151109527,739.0991656575209,1.0000000000000002,0.4530887644007825,3.593772561928937,7.879824859159306,17.1760170101545,744.0490959121627,1.0000447165735646,1.141944225484816e-17,64.90484686207665,14.01167764197996,41.12329609490735,682.8900659670859,49.92919201535761,0.006094890513893756,45.54234916083636,16.15964680098526,25.716915902948326,695.2690289981564,49.99984729308467,0.005486199231859053,1.9583283056128653,18.14437799249159,42.13711198076336,626.1921423657292,44.009126146255696,6.352761734426458e-11,64.50922594407874,85.19530998406704
43456,SLSN-I,0.09771951039632161,27.306847639758036,619.2323829172432,49.68938600598403,0.7568159722972323,28.829095554465518,4.924841323270161,7.82961229640408,840.7347915880335,15.630314648471334,1.669089397173176e-37,12.915516360309203,26.260734879704565,17.900167777784723,842.0248027509083,35.44188140288824,0.47135989849469856,7.740139990009968,4.695527104186472,18.377013449732882,839.773745688263,44.86847390294881,6.588858930514905e-12,5.642248063645646,4.51005307004318,19.018864888226698,839.2863140156028,44.0999455351073,1.2970672256185643e-09,5.36389042636514,4.025343059418982,12.371629831485976,450.00880692149974,5.120026252586097,1.506906835894303e-34,30.765240399903355,3.855299307202926
154144,SNIa-91bg,0.26038400332132977,2.990650276670563,474.8066096056469,49.94700205469392,2.1510774628744615e-35,6.36317633962607,99.9999891836106,6.266339834757278,620.7532210110371,39.151874265894214,6.603317789898142e-11,64.70548618397443,35.86440331538471,4.757479298098078,275.30566767493923,45.06135300493854,0.0012164807359471086,3.2055965256359222,75.49450359093791,16.994441014394,316.28211722212063,46.099519370849414,0.005504211129180286,63.438891929035975,48.78603829257421,31.022780233890426,304.24295730068104,45.192673886347535,0.011165880935078771,56.50371446251231,41.080729152057955,70.9149425213794,311.9230859560786,49.99905990099253,2.2397902105240731e-13,53.44357988029407,21.159183088414817
39785,SNIa-91bg,0.045843044916788735,4.994216360050862,88.17035819908781,1.0000000022569309,0.7906032114275453,1.0000000000014597,43.27574413012422,38.74447999451545,4.521683063397649,21.892041344049655,0.9670112755924992,1.0000000000000002,77.91808934125085,4.213747795573343,130.92371946613127,49.941237120592945,0.3244887938986396,1.0000000000000002,56.27557802299184,11.832371370483045,132.46486457772755,41.595932962767606,1.8043684597492746e-05,1.1047523787233615,6.895832564211567,52.08260716447471,133.2171292430416,3.3345025529598527,0.9999999952422485,1.0000000000000002,14.330340181047506,106.13541624850899,137.3625112394473,39.56530811178735,0.00029037179733081074,1.0000032276005957,2.7939762582478376
111403,SNIbc,0.10089290142059326,7.016730488305294,603.2881627986993,14.319714329233632,3.566319416997847e-11,76.53866312848699,12.186066999157005,0.7411933858526087,588.3329241739466,13.334473811247719,0.08308735533088672,65.59812826274914,3.31266530943769,12.413253607789986,439.90043077863015,14.303228484640059,3.5391632173247065e-13,3.424039705010245,14.870445352638548,39.76853831422244,446.4309910121811,18.594856113543724,0.8501188637664523,3.366625793440123,97.86901341930569,22.666591844359107,163.54853238438452,49.93062379720388,2.5518887785818275e-23,13.074619040585695,99.99999999999999,6.094923189653635,263.76893291337876,15.09429566373671,0.033931988223380595,1.4532359314102798,99.99999162771188
186906,SNII,0.05237698554992676,26.297294914406933,7.102847277331334,20.018202393049435,0.9805527125581788,1.0000000000000002,87.09561275989006,12.96959147199851,130.75627005380264,1.0000000000603682,0.3656076357237234,3.324912703909302,69.82615438398861,15.255887737918417,122.83564976714136,1.0004240030202696,0.23829794220732464,1.0000000000000002,9.718722553843216,5.115733653208704,138.18949599744957,1.000014789748957,0.9999999703870741,4.967178399216358,17.062617003533028,15.342647275051334,129.86607141121775,1.000000000000267,0.467185961377299,1.0000000000134752,99.99999999999996,80.88216528299441,729.7410008470117,1.4569534048821116,0.6485083654774376,31.03100292283596,30.789145105102946
331069,SNII,0.08034257094065349,17.742476636043943,530.8110063974005,1.0000000000000002,8.798593234520643e-10,35.50523236226274,99.99999999999999,15.569699899106695,155.69491656711966,36.68371995317664,0.24817829052508442,1.0318839898349612,99.99999678721642,17.168061778201977,453.775519216274,30.363624777372124,0.8288183002401553,1.000000000403325,99.99999999999999,9.145796956981568,341.61027526574344,13.297267106467519,0.00011063281840322444,52.20208931599815,3.093656686268424,16.129917258612583,455.4249182290823,1.0000803808018794,1.2129221812745296e-37,13.13785997391522,25.58488823245538,96.3981564897402,360.61595816522333,2.2643006883024466,0.22863134022444973,1.3223456777390163,1.8547824241315052
305554,AGN,0.051498850186665855,2.7092672632894264,652.712837750927,4.565889551538324,1.7039753096390797e-19,15.267385383749852,3.189427460398271,35.00715853377114,780.0474789705476,1.000000000012534,0.4112359899090282,1.0000001653908337,12.788656915005866,11.350539158541272,774.8690831969475,37.94462542123101,0.8567758981951366,1.0000000000000016,4.54136175310801,9.59042567941298,774.4619693343368,33.63160555966901,0.6076380905591369,1.000017376939652,5.384258456671057,39.59885399361383,780.4273949600512,1.0000000067195876,0.39591830929700633,1.4840905268224116,13.360698425495015,15.612231810387557,771.2627714723164,30.521507448421044,0.5734680426424024,1.0000000000000002,13.369328885597094
188742,SLSN-I,0.04499789079030355,19.7029768246468,819.2216934306299,1.0000000000000002,0.0841042303314405,13.273925346949447,99.98216012216561,44.04610743097645,819.1599799444757,7.070180431161957,0.19240600990795803,12.29902812179946,99.99999999999936,49.69957954425306,805.7739330764483,49.99999939075585,0.04921375854450238,10.606273470522824,5.130970954846047,54.50844407292155,807.0840737784903,49.99999999999969,0.06774419994216462,10.974353382994268,4.006750357612388,58.75530364203454,807.7162110493665,49.99999691019972,0.054549618742890785,13.226141470263611,4.256299125797726,59.55845149301847,807.8751268220874,49.99999999999999,5.112994069524342e-13,12.57611651592606,4.500833366889133
4559,SNII,0.03400834401448568,25.4246917193571,45.29904240027112,35.40664836276089,0.9302620565168421,1.0000000000105314,64.76076440572996,74.66407172235202,88.59271949650582,1.000000000020901,1.6008974229624505e-14,1.0000000003144693,13.831315845504182,25.73059731771472,88.12544009311318,16.03996034671589,0.022895006662122328,1.0000000000000002,48.3649629525898,77.35073758083537,90.01294546055593,3.2091658968441967,0.5103759609478047,1.0000000021597923,69.73153288971979,45.283159944396175,93.95490916959275,1.0000000000277194,0.1778896990037,1.0000005055877093,82.01105286950308,30.1736954718615,91.14431946290696,27.216069695354886,2.340621839112059e-38,1.0000042173044232,25.99725541600076
255926,AGN,0.15745548407236734,9.781503818468483,45.276746669256994,38.034174247574526,6.038897986422031e-11,17.42006341739112,99.99999999999682,13.601925768269929,128.71488873435135,10.3544936500552,0.13918810439993734,47.98481584972618,98.8096971340847,10.456273619284772,366.90031905183486,1.0000061156565316,0.08770334608620971,63.99524412014252,99.99999999607405,10.971522270392768,367.9962882946158,1.0000000008511372,0.08024710624035082,69.25254808702746,99.99999999999999,12.261919333215374,367.53611090579363,1.0002796189848482,0.0783795829718601,67.55975454189189,99.9999999967613,24.150459944217364,91.48697531106912,27.56419337787324,0.5537831906126535,11.665273848509793,13.998256078571305
274996,TDE,0.03546615441640218,209.2879528934789,319.76662376755655,1.0000000000002898,0.122990829929082,19.640462164291176,31.359136619479077,145.2933795904521,381.6481345298474,2.487859856542628,0.17142787360289946,17.13054256605459,26.52491983287725,106.14284447942569,381.15290811416014,1.0000001195736632,0.05387674637203595,20.162392851966306,26.498188333614717,74.67614933478458,385.0249695726613,1.0000000113842518,0.08833727156080813,17.998996831954862,26.272062335486364,68.77045434799919,342.28864141373293,49.99999999999999,0.4494509081027599,30.5550110375939,27.381261320937156,76.01894434432644,382.2249364424967,1.0000000001122162,0.32210820884626773,9.508296105751686,18.29948441920959
132547,TDE,0.05096447467803955,12.781022137753022,350.61385290612077,41.81210413722974,1.039286991712231e-12,2.922996592603156,99.99999996062158,23.658853006236228,433.336292357741,1.0000000000000002,3.285364819959982e-30,31.061025441807775,99.99999999999999,20.341486817303647,438.7848720608999,49.99996793614548,0.25785973167013615,30.691611840219938,99.99987126390836,15.116784248075417,428.08155065934545,49.99942000657293,0.12877513589442724,26.80921099139281,95.46306193256369,12.753464823842299,419.62821612613317,19.023541899989343,3.163000062720135e-11,9.92042415957503,99.9999930612121,30.292832357845434,449.6116246084598,1.000000000439932,5.42694776834571e-10,17.561805111805903,21.053471950978274
235828,SLSN-I,0.03980640570322672,1.4704726819029712,583.5470449808981,11.141686288862187,0.016114987025765283,8.294493379080862,4.715427514274932,2.027737356956871,694.3132779919254,6.026422144857453,9.050250650944332e-15,18.12237083719232,3.167294274193203,2.3593498000000004,752.0299131909442,1.0004888257269144,0.004234328174052056,99.99999999999773,5.187415820380321,2.1218830001602216,708.2339579609172,3.251699805178536,0.00268993965343695,89.79144505208177,3.371057635095031,11.584149859795502,540.3042430802741,4.744979228982628,0.008651511098592447,1.0000456221066618,99.99998915197156,106.27071499901989,774.1934995683253,1.0000000000000002,0.4365713048229022,4.164690104505857,10.443872449333899
226792,SNIbc,0.07122468948364258,18.642994773760755,673.6041486459095,6.784674408799196,0.6865735347720314,1.0000014894695695,1.0000000000000002,1.1713980000495536,99.99018808383977,1.605885697314898,0.4178887484889059,13.545323494240597,99.99999999999999,4.09949944742294,76.80196292426339,25.942675708030634,1.3076325302959685e-37,1.0001389007148307,17.01741013726705,8.108949163138842,113.96442551833321,1.0000012311535762,0.3024111542545937,7.19964837884796,45.26310500524463,71.90117490720387,481.6136494194269,49.99998541632055,1.8739575638771753e-09,1.0000022454842166,46.34728095760347,24.445678845604387,335.47017995071815,49.99799422378279,0.687361791089602,66.28292361303403,3.608886046008538
294738,SNIa-91bg,0.06812640031178792,23.81986894613512,67.12769390246919,49.96406158545197,3.548567887589894e-06,2.000928674198363,47.59256945279729,1.2798974333797684,87.2410016471025,1.0000000000000215,0.7425960534909991,8.890149327947913,99.9999999892775,10.71401743876893,434.42733246943425,1.0000001077756537,3.2675293790377804e-09,7.049436408863543,7.263655585572666,11.943389471458392,421.5488967947021,36.997741426776805,0.7685729927192585,1.9033619632177161,4.2504836446161445,54.06967064289527,441.3591183229492,1.0000000000000002,0.33772407447591046,3.015057711517149,11.253371942920234,29.22239395430736,423.77758732495863,20.87973021162088,0.3327316285394425,1.0007493626267567,13.497556356893574
123618,SNIa-91bg,0.04774471124013265,11.631139178358502,3.3305850906663133,1.0000000000000002,0.9916270500813513,1.0000000000000002,43.84251725112564,13.416784904797817,319.8018686241816,49.72132026323334,0.7942319993138596,28.14746912161177,4.293181829484462,4.8639536081868755,7.006205185706551,19.94773711903951,0.12824560772267948,3.42253373425288,30.53325665169358,17.299575902526623,9.148141771454748,22.20401461646352,2.98616559836036e-16,4.1193442351558085,16.536676415461862,28.993026198896857,12.683961474185114,15.484478876767792,1.3867733689457654e-12,3.393892186216353,28.360873830520543,38.6039794852058,14.166324003381117,26.00535111335417,0.09091789996472446,1.0000000003218679,8.76891822159565
207776,SNIa-91bg,0.0296553373336792,16.917337008959464,460.1763808340197,1.0000000000211247,0.832718578198884,2.7720438225154034,99.99999999999999,7.426761462840489,749.7594388910878,10.519357738145569,1.173216269677201e-23,5.951793612186321,20.490262796618165,36.67773476120974,755.1362242209215,9.508110150961437,7.18454351122991e-19,2.0593812108614578,13.97949427876259,71.41703265543897,756.2665684493494,8.370130538606391,6.977859212675163e-12,2.250113216806379,19.78425611466281,85.8683667178994,756.3601785699389,9.741535663269378,5.767251552406681e-19,2.514183723253633,22.0422383401181,106.78035156911059,757.6885868655638,18.145207067166133,0.3464442791572656,2.5039832708542953,20.528401615267168
198471,SNIbc,0.023150404294331867,6.606472851202883,602.5530152392733,31.11537722510859,0.006711347026034043,3.8064378543179402,30.244310210576877,1.2872380000000012,523.094594143967,8.458216109631007,0.08349992798897814,38.5235171743661,10.026495137189997,5.241021584764262,424.3741566622319,42.991928006262114,0.5035082263682737,8.663957410559098,4.095753301282481,7.905864931396062,423.2346849384964,20.751434676509,5.349337243015439e-13,4.001439856828817,58.6498864653228,11.299327105303403,432.33439851252604,34.73956842981221,3.5237440156318726e-11,6.373767362964381,99.99999887062725,14.809945621178079,426.186693319309,49.99999999999999,4.020442685100024e-16,5.2581564486531995,6.82806077912842
157158,SNIbc,0.023355801900227863,4.822140958260627,102.37986445555082,49.99999998972472,1.2167526772066738e-10,9.155636950776879,99.99999999999999,40.664919999986715,434.6668153508666,1.0000000000000009,0.3975874830467071,2.5203626417202982,10.32545571582465,18.51881687919906,427.6158287142266,16.729544239018797,2.3940913828092554e-13,2.968802178206302,17.31848753876236,28.337177556191982,430.69038903314777,15.563058608138872,0.02019804342999036,7.815319672934002,21.28809311776435,44.91302716429768,433.8760839534708,39.27469390184274,0.6681091616785757,6.759656260351093,79.44898175187458,80.44180651694766,447.3304600947498,14.962910782618279,0.6846531939492473,8.36790338466995,99.99999999999999
122615,TDE,0.15528293450673422,36.3945397397128,657.5342655136575,49.99999999999565,1.0561896273938634e-06,27.367119395533948,45.79467361291181,2.2267511990282216,769.9749154728429,49.99999999987971,0.27779747898677104,1.0000000130660978,99.99999999999721,2.855959664736799,696.424330111615,49.999999998323815,5.5365528426153954e-11,56.306147784507544,89.15853729387379,27.41386221401769,313.6146990413223,49.999999998577216,0.9926455649421145,1.2274765538106729,1.0000010306611964,4.825852405720168,808.3451771925522,1.0000289055132379,0.2137510016539477,11.481514205115044,99.99998728638619,7.87984130729116,795.7548539631365,49.200324595929295,1.2121188988576853e-34,26.759594565378286,4.430711760641244
287332,SNIa-91bg,0.11262039343516032,6.825066611534431,230.23338797094638,31.979135557754596,4.1875401855471743e-11,43.46461883649626,26.46346116530132,3.6352585223397855,786.9504448170393,1.4385494993273642,2.0660739788505362e-32,4.498297692454055,20.22747833068667,6.513575591663801,782.3793301948009,4.593843050174406,0.2664605460368627,1.6216817726817432,30.983440367208487,12.383445611568261,771.45078651968,26.08806974653698,0.497576249952909,1.000701424599328,4.024500525737246,16.799550334042163,781.6631333484424,17.004003507264642,0.31880518488095494,1.0000000018704653,12.686134478760115,125.92188999828737,278.30836725007913,49.999999994443804,6.250501142079504e-10,30.835536959814277,18.214886510275473
199870,SNIbc,0.0757201115290324,2.2412197529207667,-26.894218779095354,23.09188169905665,0.0007312135531932045,82.53405393522716,38.73007549371019,1.5926106203626822,749.7706751858958,1.4538009781340264,0.02654141884888637,99.67234473502857,99.99038689104606,13.042294488897467,441.8189476990344,14.931365821068765,0.6686003502387353,1.0000000000000002,89.08545180480603,24.844144190571484,451.32629401103657,1.0000000000080913,0.3371567568789305,3.7057639776727305,17.94651376410428,9.662335860556373,444.51964975043404,5.253890719207292,2.240741583773065e-07,3.3487178755659524,28.824588203556438,5.170197551943434,113.94395089955194,3.985691709822342,2.635575731894668e-33,44.541818548963434,4.189351732606347
239977,TDE,0.0920705795288086,31.2734995540032,372.1817824108207,3.7151965069372235,0.6181302575314701,1.0000000000000002,99.99999999999999,8.909210912020168,398.3519203424251,26.235153672739525,8.216133788007033e-10,10.311479837406102,56.77338054896797,15.355325418496898,454.554353338343,1.0000562988597639,7.339956240563541e-26,40.46771589199384,23.63371657595527,9.42331147260231,438.8399866807368,1.056989784838073,6.519439744597006e-36,53.170173281980006,30.64703943349658,7.578304124642024,445.7915954707978,1.0091096503836487,0.045984340429233,22.57193723944599,13.814288574101022,7.395344930241202,181.82237378588894,22.45740238048704,0.9999999999990259,1.1792466193201727,37.72831018388353
161281,SNIbc,0.11362985769907634,6.145641461592366,5.4199263660378145,1.9509061482261545,0.46482396207952437,1.172390544743053,25.197924322040627,53.138730316861974,736.1619440002903,1.0000000000000002,0.49320313797234555,3.119779450028053,14.89221246818182,5.0974851505907735,87.69576644834962,24.30394581140844,0.03481288480877439,1.0000000000000002,5.556446942026889,13.314168241842935,88.61870994306248,38.75720253939847,0.7362008840949581,4.422983004539685,7.436566596554991,20.338696180045417,92.99726702121367,39.6101337069665,0.706936059151309,1.8548527676277409,4.625724328280808,27.498929136382046,118.17209125264932,1.000502589632872,1.341400762787452e-32,33.93785189818647,3.618191741742795
86874,SNIbc,0.1031262477238973,2.180374923632772,432.48978633977276,21.268791864332258,0.10697772595078192,99.98200022037354,3.361232828376683,4.393306782008073,362.5887306975714,1.0000000078181774,0.7227078803338116,28.93918896868168,99.99999999990875,3.626241037730956,752.025730505603,49.96362376691621,0.620711587962808,39.87101207488424,4.078756183773517,44.65804999899636,613.0195896245747,49.99999999981692,9.040691328394755e-16,30.78792245098171,45.29701538250257,88.29433497243984,619.271217567762,49.99999999981739,3.024213098793672e-15,31.803543258591617,41.103996368356675,33.851796478640814,738.4343206440496,49.99955449318272,0.518220143458884,36.84072445279396,26.508429716971825
11657,SNIbc,0.034624973932902016,4.331303360829203,69.75465920686929,49.87299103241057,2.3082443630055035e-19,16.195555986517736,99.99991878562203,15.639885268031192,33.29420486305975,12.89278231882401,0.9804704456778661,1.0000000000000002,9.736444180561362,41.82704999999999,735.2778388487744,1.0000000000000002,0.5421371280010412,18.105954652989375,32.98188096843801,21.62851650568089,758.704592224616,48.164264945347504,0.9773791375760915,1.000000123346853,70.1522600663074,141.2870015771508,-4.061289191974924,2.730223902644363,0.46555550367342274,1.0000002732659437,1.04664827820964,18.384719174711837,761.7849167315507,23.034019590355882,3.2129169515269736e-20,6.305040235324113,22.02725954200452
130466,SNIa,0.03337331612904867,23.56704253636407,117.12986556228864,1.0000000000000002,0.48652073185552575,5.037968375679212,29.88135500383609,12.59868093469455,59.51201898571774,18.93262876020387,0.9991015932472924,3.1506476884202104,1.7260430162387745,14.487835654355056,3.7226115501236205,1.0000000000394753,0.7712268726640416,1.0052456542340844,99.99999999996247,32.49796446167813,82.09215300032743,1.0000000000046072,1.129235002083599e-19,8.765686298223953,9.859036073763662,35.210942539289185,89.69448338353432,1.0000000052562488,0.20384590901988353,7.8410489135044275,18.544590244086,30.03218824627872,93.5605177982228,1.0000000048039124,0.14178668863586572,11.635429023166568,99.99999999999999
96080,SNII,0.028073549270629883,1.876005957966567,-108.70619035209138,2.744308243159345,0.9368595207472754,1.004013597952054,2.1074973429900314,7.321627322405266,96.753064809686,45.41580581640768,0.021712661315495103,1.000000000001443,99.99998881735408,12.263155532112588,107.38034912140661,1.0000000576189894,0.5536103112768986,3.90434859203142,76.05187932578204,5.383013669744032,97.18029200950461,20.240164498935957,2.985767625249169e-10,2.7456557006832956,4.471303262002228,35.28697999999999,200.8413375392849,49.99999999999999,5.810686633887321e-12,46.048752807771095,41.2947482971689,42.87247445860785,31.03730600566144,1.0000197253314178,0.9999999999999999,4.632326002390234,15.282638204820922
151888,AGN,0.07863032817840576,43.551077082650046,678.1293521004482,1.0023028801168756,0.019608562005496256,99.99999999999999,99.99999999999999,50.28150586047639,358.21912873337334,1.0002032534409324,0.013998930829743522,99.99999999999567,99.99999999998897,45.610443748645686,357.1276427762242,1.0002189896432538,0.014628893594001428,99.99999999999996,99.99999999999999,57.048505564973624,718.8662395001203,1.0003517741961372,0.01974266805159524,99.99999999999999,99.99999999999982,60.89167512212865,358.4302410636589,1.0002053682131853,0.014141211677691343,99.99999999999953,99.99999999999999,82.35821102779576,735.3243858275192,1.00023453170969,0.02235594256135951,99.99999999999999,99.99999998452182
104205,SNIa,0.12817728519439697,4.221773036990653,242.18636327442078,49.99999998540805,6.289489348533489e-11,60.6609756241769,56.07256558805127,7.74495903969119,55.39251102718275,1.0002245983837954,0.14769402021277953,1.0000000000001572,2.4013386211153485,6.732548931743778,624.2505619167521,47.31100271906845,1.9990437006111214e-11,2.0793949923750494,67.41743790774133,21.91468359951665,753.9556130812912,1.0007113624692052,0.19370306352880476,7.29373188589903,7.78878157084911,22.999270139769962,683.7521526588156,49.99958527011747,1.0744387136387696e-28,5.670752072003867,27.452744109435645,98.48762498864816,499.9214715723863,49.99999999999999,7.315879123382574e-31,1.5244174408449722,87.08147308693796
137962,SLSN-I,0.04412094751993815,89.17432320352185,391.8639831994536,7.778753078582818,0.7759838445782908,1.0000000000000002,44.67448580168654,16.05029717436179,453.4501587351898,31.3215991721375,2.850336344444332e-09,3.4871844462610833,3.9142627491417934,60.16569096566681,471.13772989395494,49.99999999999992,0.9721187003763365,9.746056555808305,99.99999999999811,47.67120840813892,459.49245919371543,23.800204566193827,1.245271292755699e-16,5.774296642914447,62.09630910962872,49.634140546603575,461.1240335692473,49.84096065686045,1.372551148804824e-22,5.982221475174675,15.08121579488001,43.669719042655714,455.1335067047087,49.99999999999999,6.853930954409362e-31,2.914888967579486,99.99999999999999
162247,SNIbc,0.03486506144205729,3.536881650847413,438.6660403126749,1.0052176612571528,7.470687480358635e-34,42.34676114828167,16.943486644965386,28.60970666649606,431.2598312408892,18.265818715705866,0.5425617061280298,1.280340298800391,7.4038418834007045,57.09639635077372,442.09866886935043,2.2036952284750906,6.542352608615531e-13,6.276413355849179,21.170438786913763,61.38729709723227,437.23938912903236,42.300635444626934,0.7784140831751827,4.621502611732401,47.616548281118256,58.90584867286549,438.5923911633019,49.99999999994876,0.76112987580509,5.543955576233228,5.84594440910732,78.44382156917808,443.2959181377134,31.49015778717132,0.70272326541538,6.654998959812241,99.99999999999999
89643,SNIax,0.0319977601369222,13.666257837721169,770.2326397297996,1.0322695239065809,1.9758098684969566e-09,1.0000000034066858,15.92227160478555,34.13697186816717,802.4793951924377,15.080644150929736,0.0900337793388543,3.334841066979555,7.432597565012378,68.54592146850968,808.3058580725312,22.607438888120576,0.7173514996902567,4.225162657699325,13.843922686077605,43.485488945719084,804.3402895343812,15.971947958085956,9.011644414187378e-17,3.8661715504939664,19.895128695610968,52.73377893854763,807.4311696695946,37.14728188781743,0.7433498001209103,4.495566060566741,99.99871798487486,31.762609305096785,800.2050346418748,27.9032469697759,2.3817883131181585e-17,1.8103304302787346,41.053652995864596
110824,SLSN-I,0.16092832883199057,4.347267912624334,583.0207032268592,39.37215726151486,8.81980858665103e-11,93.34841199060767,37.48786370531023,0.5523036414638857,483.56249836675414,1.0000148564152103,0.17123125507957782,35.33388483297535,34.3548251775436,4.264358453702455,397.9560882466821,49.99999999999999,1.1489915403805767e-07,1.0000000000000002,99.99999999999999,12.21335219948133,412.84854575278206,49.99995021091981,0.22270023329690816,15.05000532141172,99.99999999999996,12.4275545422836,410.0853623583561,47.65895957389714,5.305343801030442e-27,23.479066334632243,89.96304158913428,22.768389365193393,431.19422960040924,48.28269921156373,8.428104169391417e-11,59.76073681772988,30.493528702430616
250460,SNIbc,0.1419678529103597,32.22755984018482,297.78426523010074,1.0000000000000557,0.9053861152198219,22.986734430250483,47.79429233058689,7.476563801133581,-17.351403929315424,1.0000000000827698,0.07928579501583283,9.933434728314527,18.817883403254008,1.3327452000070594,16.317773713991603,3.6416467223391638,8.836830392829774e-11,1.3841261995725336,1.0000000000169644,56.31629252936852,-5.425884987201879,2.96495835011108,0.6109151721690582,1.0000000000000002,18.41645167539354,15.5980146909325,0.8612134214955547,7.872950594957329,3.5423656643413214e-07,1.297600042883133,24.902024874027262,108.8164239903391,6.792338490915546,2.646601420237018,0.5965654801317873,3.022618545298129,20.67769032639292
96025,SNIax,0.06601516405741374,5.138629856538086,17.928659286614074,12.403462897082004,3.4735144914970656e-06,6.562182163005244,13.245448426513006,4.806292307129328,475.3600546601611,1.002239368502729,0.013267702823341299,13.956708621957537,3.2972389926735306,35.42991615715418,748.6666562934323,9.348405140216993,0.160842564850939,1.6257473914113836,1.8250093545767354,38.145864969509276,597.4276604726477,49.99999999925849,5.029032236855395e-11,33.26109248075482,48.27284952217285,64.38359494988299,645.0377339240562,49.999999998917374,1.391207794468424e-12,40.894922660913,23.858784814553687,78.77923102819551,306.6062498298712,49.9706629880884,0.7904674133418986,39.62060878986788,7.279978432466425
2661,AGN,0.001595298449198405,,,,,,,,,,,,,,,,,,,,,,,,,,,,,,,1.3391162264087741,533.8602310292264,24.04430019797252,0.5876528728232716,1.4670838161379351,6.674646808553247
254810,TDE,0.045128583908081055,79.33977450291141,784.9054194249169,28.121412746461193,4.54550121484675e-10,4.484773358732074,4.586198087112474,79.2663092319284,835.2318683897764,49.99999999835809,2.3013214261726515e-10,6.567127887758867,99.99999999981142,42.228706201971626,831.8392967010523,32.54156424959443,3.641570703071595e-12,5.699472243431666,4.26539777907979,31.431469225278054,832.3480096387622,29.950048056524462,1.2146202676032705e-09,6.005674542090213,4.277459762887071,28.13283798249488,833.574612158826,30.453753759757067,4.977025490265054e-08,7.67032171030943,4.538213363142739,14.55899617102056,586.0919118976512,1.5632226075342743,3.3857503057044633e-21,6.044508971354004,6.61929764526629
294809,TDE,0.1195449431737264,79.94405438798246,343.9024183319594,1.0000000641926956,0.594736497263876,27.48173759567726,99.99999999913679,20.035148531668206,446.379945064339,31.22478473364085,1.2836159382462446e-10,5.014917039576964,4.49552486161747,22.548485059886573,450.42291211186,49.99516461877392,0.0010125127343101402,5.849132615138421,21.525464258433026,18.165460046118266,450.418554784931,26.265647667776054,9.81567097458465e-16,7.8428729642567605,71.28558147133526,12.500105900594818,451.8631939441733,24.550351332966667,1.2924325628094442e-09,6.242109179268111,5.175054848749208,15.546238725056337,448.8691464535843,39.25944668163081,0.636629680786737,1.0000590637959614,33.05675804084419
303713,SNIbc,0.06412863731384277,8.978174214809492,4.543525449863409,1.0000000781954768,0.9999999996235477,1.0000000000080635,8.169587593255276,4.716389709115364,40.266730314737806,22.71601974029583,0.8158306372437174,1.0000000349427336,92.17745328810807,8.64612942351909,36.678437600012366,26.593857182584532,1.0332220628331634e-12,4.34042555745788,11.206573199920687,18.429976432132555,41.00953053135619,32.95963392095141,0.5272649256863375,3.5048314672607024,31.97156597399772,3.7793732,649.6453729796841,49.98007891243102,0.3634412221510403,99.99999999999999,21.12203848140418,47.24980669484315,479.83825383659246,26.44565389931123,0.6950598915188758,1.0000152825286104,99.99999999881241
107495,AGN,0.0650034745534261,35.66229514748268,628.3476301651172,49.99629339732105,0.3817841010582895,99.99999999999999,49.1696186431102,36.119349876363295,650.374319409229,49.99652431988869,0.34759636049336284,99.99999999999999,76.01957647401264,35.00195039831225,673.3255298922766,49.999897995434935,0.3814152192006461,99.99999999999908,54.82917850450679,37.294949166529946,658.6659593350827,49.999999999884785,0.3560229985219578,99.99999999999999,73.65856362492873,37.714032761716204,691.2657840620777,49.997592412829206,0.4381628706772402,99.99999999999999,46.09210281128967,36.60072394512013,390.98071376093793,1.0000280249229603,0.02657903770165531,83.55079114184171,99.99999999999999
167170,SNII,0.17469867070515951,21.779661631195093,634.3533321496295,44.42307076294352,4.5341542335481606e-11,44.51340509024472,26.799418097407607,57.02671515225977,735.6381730095137,1.0578202651568864,2.782588249027378e-38,63.60493341357222,15.98640530038948,96.1192730975683,655.9441341078209,49.93292780221635,0.0004966598263245262,6.075688817667269,24.009902059825635,18.88087585747433,733.6332021232886,2.0510286094947383,9.03176409407975e-10,8.689471487933123,49.345872486518054,18.99832633550302,635.9084239336897,49.92207140753417,0.011090548086521823,3.816521107540863,99.9999073540141,14.480369821309294,712.1964865308154,26.72508871368463,3.2479576591602383e-34,39.12869601910311,99.99998848755688
266271,SNII,0.17746078968048096,4.5587384394843635,11.109414098838684,35.56277229720763,0.24476274210869095,6.0307653789467714,28.869279743108983,21.127542262662388,17.78511704092384,6.841309594893473,2.07100137241074e-36,1.0000066298429138,17.606543941802947,14.816357430522054,27.991716999207192,1.741945541570056,3.0702840211151593e-19,1.000077891686915,25.616870281990014,20.83027255670679,23.189036009503756,8.143652561302364,0.6424043781792274,1.1547283536508808,65.96954384973152,7.8518020505204715,29.861551752535398,49.99999999999999,0.07715129277389315,1.0000000001819143,33.060941325921654,38.63327146681399,209.81521997248112,47.08993662314563,0.03556147511566419,94.77539854187731,39.82190188400117
95571,SNIa-91bg,0.11204286416371663,5.429494123328572,280.5223099908239,37.03071870292747,0.0007878652101014018,63.38187811498691,3.121628204333842,2.02177047142626,54.98659455073076,35.819118421154,0.40845216057683564,54.447930573734915,19.91536882528363,10.73738343381175,13.471953954718114,1.0000282139922791,0.23306508773685897,36.269243284371534,29.805939937894138,199.49048700707468,-31.75302872728461,49.99999999996894,0.9049730265529385,99.99999999999999,39.43374729938926,275.56911414393625,-31.157895943005883,49.9999999999997,0.882272172348191,99.99999999999999,36.818230989904634,392.63436588967875,-33.669545622939175,49.99999458405092,0.9164276902719143,99.99999999999999,32.83549822023493
247116,SLSN-I,0.160874605178833,6.639488161593337,204.55489372984624,22.174086443856723,0.05205437158684783,59.479374716655904,56.80615035932423,6.762132923734065,432.4126796317493,1.0000000000055578,0.12944927439773138,14.979743981023525,99.99999999999078,30.659110895968567,507.89754230561067,1.0000155406416378,0.017829244096484936,43.945958947899584,99.99999999999997,40.06570312723407,475.64323908912445,1.0000000000056595,0.03349261138089966,30.308683723816316,99.99999999999999,65.87542137125364,485.49365282521757,49.99810276786561,0.2788420381165007,41.99328996131792,99.99999999999999,53.179391269447784,455.4434190308726,49.99996567592014,0.30878092294564,37.65600079887461,99.9999999999999
119247,SNIa,0.021421432495117188,12.038392564876705,125.08453060502431,29.782190021476225,8.212695824915725e-07,1.0000000000000002,3.1337936110440725,1.0425541246251158,257.88175217929836,31.931191037894024,0.11102384808028992,2.0468912983457415,99.99999796593531,7.304983720413641,52.40599240948426,18.0478460519869,3.430547448761441e-09,4.873885773643741,27.195047059593723,18.555033805179903,56.21250874308516,25.32517222925092,0.12038526695264652,1.0000000903603492,21.972287391513856,60.12740786779571,60.39106655459583,1.0000000000034974,0.25565591095509865,1.7390846110176532,25.882165487846397,29.93397862105245,40.54458229290786,37.587821748645375,0.5010766499611088,7.10961133333126,66.52990203442181
170796,TDE,0.05229727427164713,16.085552964925437,-23.906144529131357,17.01063775343496,1.6299234691746315e-34,15.267262205479033,99.98424633515276,15.322989530612864,5.715361540838424,49.99999959175127,0.2060855654758695,13.318525986205525,90.90060257370824,21.348618869525758,36.87824689130972,8.111602962043916,0.41561144373479475,12.518896747836251,78.43067829337649,11.716362503642525,25.49760072697702,49.993640316084196,0.2951454819292558,36.58564668780746,99.99999407235094,9.012529962193428,76.14871987156985,49.99350435187665,0.6927022703784419,37.69942331503827,3.1658182877968994,97.81754906457074,677.1840949122046,24.714993180097764,0.00013333685792741296,13.552862066841318,9.079270146403797
70449,SLSN-I,0.05087109406789144,89.27083700995125,404.5341748104722,43.38424872688312,0.3873277946740297,2.550261887589133,7.709216664883568,134.4594716267102,479.1679038941116,1.0000000000000002,0.12403643454558386,4.811751078680345,60.59138469716313,113.70487524674,469.5571405781499,35.90391079640775,7.376503819287823e-14,4.702356307548188,3.6460513109022865,124.62371130351939,470.18351893332306,35.236270431385876,3.096530166566701e-14,4.992418770064944,3.9384673156758048,110.1531530967732,470.79450357862413,34.343152405978515,5.143987376397869e-11,4.494044747714942,3.801311735862199,145.8433274081552,471.8153361291418,29.4656107504838,9.34594075709046e-14,5.708572757565581,59.85123558677002
337346,SNIa-91bg,0.0509411891301473,3.4054623876210823,382.8167610930045,1.0026487073170878,2.913625372254742e-24,23.108475471652717,14.436199113629039,1.1963263566191122,712.3898696564727,22.7093455981233,0.6524412573877604,16.507263062972036,7.240257426175129,8.925067695622522,97.5909406037922,14.793860872334832,2.966287541458394e-12,2.4310114565473766,6.9872046244765125,3.4348393555117953,106.32708134170706,34.16805545681614,0.723838369873182,3.448444668877212,2.276382059167449,20.797733492830677,99.55494562812262,21.215996254000675,1.1375969113439042e-14,2.3384668245338958,7.333385220387138,65.23392270073566,120.85786053998878,1.0018971026843069,0.16524325391721115,6.06981351070746,9.52739686799861
7931,SNIa,0.06535983085632324,14.434873114167846,98.99366550611293,1.0140521593876568,6.15357385327402e-35,16.961269413406864,4.2026221397288195,37.87326353089064,44.43002737676606,4.583015435908281,1.6217540697991724e-10,1.0011628200477336,15.448536483655987,81.40608743322734,43.834550287757146,20.421580503100984,0.11518041946724805,3.2051723848354188,16.45668284147641,87.95768469816203,45.1993712141157,26.14156404623475,0.39315812509084536,3.8554699148587175,21.751763918321675,76.4849393523097,44.45402200822693,25.838496701593108,0.21262525777264718,4.363589118582867,31.922706969325898,70.40691957978714,43.7727097385656,24.051840936586164,0.08347251751981326,1.008709498568896,34.233451500432736
294688,SNIbc,0.07041474183400472,14.999180218942247,377.6246159607601,1.0000015916393894,0.2073749348171381,1.3915401636169584,1.0000004493190713,27.978814061281867,399.7154606126794,16.592985814953764,0.1119011299299001,1.0000000000000002,10.170672794700483,121.00097177056486,412.2818605251128,1.000000000032064,0.14805595674073047,3.4619039623776997,12.373377972524553,84.9660143778509,404.53254222469076,15.885824425554645,6.551005175739969e-10,2.542508997763394,17.97095867166572,202.32943823187262,411.7663603482605,1.000000000000001,0.09607855396632144,3.503532557523885,20.092299059302494,146.91038039302967,409.6528319162908,12.252491133529935,0.12074174945106143,3.151636687459743,26.480232867154385
245512,SNIbc,0.03843235969543457,5.095319318717516,3.0325664298184734,1.000000027161162,0.9999999999999999,1.000000000028348,54.04896557104694,5.77914096790386,0.9028612382128218,42.00348163382545,0.6980543088935847,1.0000000000017963,4.268770763638402,7.168052131364398,-19.6647061595989,14.995592443468592,2.7693053384061726e-06,1.0573604426541963,60.328196379198815,19.99929903168508,9.069072059839314,1.0000000900756476,0.13427065750483125,10.191528338423298,30.265386647191225,48.993815745236006,0.6732978734653875,3.4686137954338414,0.7248445528394507,1.0000001476751377,62.890703570350155,20.52196085059966,0.32771087025555473,49.99999999541582,0.17828718966501533,1.0000000000007054,21.616023045132145
111076,AGN,0.2023897965749105,8.05556715805744,-2.2120705054817815,47.701412779386665,0.23347238068624235,25.28147522735903,13.283631451875166,22.92916688040644,2.013157116816794,1.0000000000031504,0.4948772172459167,1.0000000000001303,27.540926972447906,6.680442206977275,1.573855054780293,27.63546711263676,0.0083788682853207,58.448410499617026,4.219028271057879,3.6066668594449807,-1.1324063811662628,33.25529706478064,0.25936776732355693,1.9158970314523105,3.026987313081232,6.637496842504428,0.5852324543522539,26.15704244160108,4.4422339322663713e-07,1.524178628067202,3.2903968821589378,73.32461392790019,282.12073886336987,14.873085664944607,6.788076345368733e-11,71.74930845935404,9.80821244338883
3751,SNIax,0.10790832837422688,3.0836101943334686,446.8953355802527,26.168147934751307,5.744906618547623e-35,30.38533191990623,17.133335605242006,4.6326980020611686,43.12981665480356,34.51063065120642,0.3857040239461107,60.46404836355014,15.186048924619655,18.841712213717027,-5.2621657024603286,10.694271700144158,1.422528476578357e-10,1.000000109686122,11.881744073903649,52.81262614050882,-12.28775102425386,18.46119329828851,0.6165704845645422,1.0000000000000002,28.10969653584724,49.96208907549576,-7.6721609276796965,1.0121088157041742,0.017076986238139413,8.541722336224428,34.473793529281686,28.934187798578577,-1.0358103250484256,7.749122181960563,2.140566054299175e-13,1.0644078712172311,47.83182467385039
45766,SNIa-91bg,0.1814084847768148,24.070088483426513,-1.831217695825687,1.0000000000589566,0.4529785742309513,94.93561737992867,9.436184286057548,3.2409232765392386,604.1074426107065,42.30293060160431,5.687417493082505e-11,53.792132876006356,57.66031049366367,3.1364822734450897,594.5285979096452,27.954691932129375,9.938848969296824e-11,94.79316489395124,33.1138908564735,3.017106258748994,795.4180207870398,1.0000021427679784,0.04687639167328625,23.24343990151615,99.99998676524258,2.2455238000000004,512.4719573566857,7.3569035399033025,0.07187514527743077,45.33649702231643,11.387304888283497,38.26798444455253,843.3165430717738,7.063157333204632,0.9999999963893402,3.6404802844933575,92.12196761561293
281580,SNIax,0.11361523469289143,7.447390081361183,211.14525456086088,35.39557968986276,5.632744151430663e-11,57.16481422053813,38.86873069224501,4.357790657578221,104.22538645592267,19.725899498317844,0.5245727650992652,1.0000000000000002,99.99875766087803,16.696020874562915,114.23845543102117,22.33096908480825,0.6013700968085703,5.229643051605491,99.99999999999999,8.888864679842394,137.19285462984956,1.0000000001300966,0.999999999989332,6.8466568852785015,14.695313947387332,13.689561759608925,113.58222831064805,49.99999999999999,4.331947372259424e-16,1.0000000000614386,99.99999999999999,80.01766054190004,196.91832851738405,1.0000000000163316,0.9998484690401334,10.5322516379505,2.174745704901303
109959,SLSN-I,0.03152330716451009,9.069021925859438,-12.43553393831743,8.204660614909017,1.5300363590837949e-06,1.0032819869013287,19.65797422331163,92.9839393267939,-0.9520834948622752,1.000110531073613,6.114632129076613e-09,34.18223355869836,31.257543232485347,181.41098576128087,-0.16166214924842517,1.0000000000144162,1.4508404454906388e-17,32.13848266629731,38.30938856657501,292.79939539772795,-3.0443828861594744,1.0000234357916942,1.8618994442263936e-39,27.95482793430896,47.080338580928874,360.9746260994139,11.284975306977554,1.0000000981110975,0.025927224190115717,38.61938365124035,50.79282723026225,289.4376892478325,-20.20666739894251,15.970080777479431,9.416776992703289e-14,18.75499647489596,75.64785563005202
241284,SNIax,0.022943536440531414,1.334346217311587,645.9080850796765,2.456761332909983,9.468897130220543e-24,9.885315389253567,3.5609706419554987,2.914025792783219,92.6341811238756,37.40736040608312,0.6333100418660336,3.1723295497719803,5.127836977855689,24.705168421726725,108.06061456069436,1.0000000000840028,0.12365557592920494,4.131613537820773,16.931728409790523,25.2005666566271,109.0843787136645,30.179783544737095,0.6454913783113903,5.2425273362309035,36.80119149135103,14.38843682550679,102.63971381650552,30.364793561859024,3.4324657594233412e-18,1.9766651112339515,99.99999956800724,154.55965999992043,162.10219460765555,49.99999999999999,6.828337305457701e-11,17.383155010251038,40.45787436993982
211276,TDE,0.03167442480723063,112.64542449166235,-7.507284772499784,4.321626742717293,0.6899247233038417,1.0000000000000002,50.37605898087659,44.54670929098483,14.003827471531366,1.7914306826292095,0.2504371242213419,9.633971853204086,65.42624750327359,40.037762117940126,50.987108446885614,7.6109435873290066,0.15971992539338373,61.00840738693782,42.91345491121808,45.084715790151805,26.384404447742433,1.0000000012309915,0.043530995966276985,24.850323462534448,46.18589715865027,39.984391257931335,8.054931046060261,49.99565300110465,0.30689831783791616,84.26596389995018,36.23423383712528,51.615751049965525,520.0851486394714,1.012687051115524,0.050454506983972164,14.37778829950821,70.13634951830713
222785,SLSN-I,0.12723656495412192,0.6970162939320637,264.7644533424933,7.358935431882612,0.08752867861122071,6.979452180768941,4.6094967702202085,7.466339608982896,448.03854431334673,23.20591717829126,3.0884282374768654e-23,29.003207122782726,95.82981272234565,26.047968549645326,500.1655480770773,49.99918256811048,0.22178656494562474,37.9623563408304,99.99999991562616,37.27266519929436,538.28930633151,1.0000157078481002,0.0212707983267174,36.36642130983172,99.99999999999999,87.32337595871458,562.240999072688,49.9986189356861,0.24879943487432835,48.84237107248238,79.52201443058371,33.33769696602344,304.1237663833105,31.42205865239177,0.10417208960095999,60.458268666942736,99.64389419166383
131216,TDE,0.015064835548400879,109.10825326559326,0.3081369023630274,49.99999994904988,0.38142462687249234,10.35819785765793,25.0499567850549,62.724964811861966,62.747821746421955,47.47682407377037,0.12356254336096954,7.0590043917058285,42.59595602376589,45.7758858509354,63.029473526332886,45.669300679355636,0.13844339092029245,5.803598963278716,42.67130236806987,35.98366401943453,64.68467591410739,44.805084854857064,0.2092642729171765,6.942461954539322,50.74265439765477,25.74018597764879,59.42410748000499,44.74043774802006,8.376437971789729e-12,4.542867052679677,34.285186212888576,23.703111211574086,59.33141198293241,47.77582556200502,0.13339305268447235,1.000000000000127,20.097106869932038
264983,TDE,0.15087501207987467,40.78416403332514,850.9188874343829,42.85311479834965,0.5016687198181581,34.68908034814345,35.15830923384064,28.358043147859398,797.7165067392073,42.70283520896907,0.10757772218380704,1.0000005213388539,38.85357105043293,24.03071500616755,797.4194070596118,49.72280506360916,0.21396946523692437,3.0202311825452743,10.948821008140044,20.01067069420668,798.2055213419782,49.99999565589126,0.2357237656428989,1.3837935927878628,12.507712011190737,106.27317499916481,804.4432102227811,6.105339827588973,0.73112914569263,2.102035638919712,40.00184166018754,96.46972809289046,320.010484612965,14.467903016449775,3.4248040200814706e-11,34.972735918364975,11.732581465608769
177095,SNIax,0.07788515090942383,3.5794780458228566,591.5456247448706,19.067329732386526,0.0034411299734449833,3.449811898197156,53.01194226546682,5.960072771492869,561.3205683720691,48.84191903838223,1.9239309769573187e-33,24.804424156993875,52.91393742692773,11.04887347976637,88.30586150378123,25.847576376665877,2.5777758035745652e-15,8.86240147175199,16.7360885747985,12.999107017424484,99.63386518353384,24.163884556947743,4.211020189227722e-12,5.4332306171708735,18.06546086116935,21.536438084041798,102.09315590767812,18.754412540798604,4.327981999844104e-38,8.938881058610674,99.98768082709782,16.623504029591892,13.52397716387615,1.0000000650805447,0.16521481915655972,42.65197283377149,99.99999999980426
182822,SNIa-91bg,0.09146634737650554,3.6157438286313988,4.433459789905134,24.104445296710498,0.9999999999999999,1.0000000000000002,9.56961593671816,15.23335151467934,471.99165935873754,7.137124687712941,0.9999969746305026,1.0000000000000002,2.769606474320792,0.5969032000000002,681.8307194643045,9.634959177774077,0.013980015950112177,97.84284162231869,3.4246322809330856,10.883042838629162,110.31259589935681,24.158551587090617,0.9999993168704653,3.6303266298093604,1.5866281070540034,12.90128473085181,104.49653524134892,37.93023114674404,0.506238315830128,2.0011171036929447,5.5168484526320505,16.097887626969904,109.08801930927828,26.58346600679666,1.3918833167793425e-07,3.7016225455315306,5.322458504225367
325320,SNIbc,0.06824318567911784,6.1389306302380815,455.99039937738917,48.45205575600745,1.5982708654361384e-31,8.159647272059818,99.99999999999999,1.2927900942068435,353.2699716774826,30.369770507559604,0.50010234816111,99.98059991604136,3.1947325958459785,2.0402166000486472,678.4052909317919,5.297833496096716,0.030361586020929025,99.98791170473397,3.29684015581149,18.501450644113884,849.9380371404666,15.631621752538111,0.00013136550299236733,4.054287231866666,7.005265151704913,26.956678045942628,853.6683999999949,10.998667516783167,2.5519708544721314e-20,3.9528925161396087,4.977663623693204,4.685508356683086,408.4291412110844,1.0010084679853852,0.015454816716715171,99.99652007340231,99.99999984712605
88444,SNII,0.10029053688049316,5.251290369234374,260.13579567285365,49.9999999949457,5.275024641615637e-11,90.82078057843515,37.43069800910816,11.094914327916513,72.43683653378997,4.788730978866715,0.7229479156305775,1.000000000037798,16.780566396129817,12.8302917799966,72.91202898546206,14.479823720748906,0.7996176943039338,2.085463538759685,22.424533581976675,18.714864344833895,80.7354771694334,9.034079793186509,0.7773313264072886,3.0599337138143228,99.99999999995416,5.754984275054335,114.99439922509681,49.999999999987686,5.898635754962237e-13,26.330336427702612,99.999999999996,24.23210500416499,356.57862965496605,1.5208049777688253,0.00046643541032920927,85.25305980013833,16.53632389599676
3522,SNIbc,0.12593328952789307,1.2299904000000002,182.57492065859984,8.774795690668762,0.04575196911968838,78.59322719143255,12.80817417836575,1.9545690634831723,254.41373182027314,49.99999999291575,0.19246029218120445,82.93340867470211,18.15104685308553,29.12441999999476,9.192008986841833,1.0000000000000004,0.3910432312914937,2.993551536860259,8.517029250031124,63.58881478483656,-20.846632321509887,24.57826474041321,0.7346944099822794,99.99999999999999,24.067153369487123,15.93198268339252,-0.3671748426407105,7.634593453678606,1.235694813931609e-09,1.0000514803640839,35.257453663035,20.18357976167823,-0.48950123377536897,10.159749785991195,1.1627022095395364e-33,1.242651710095166,34.63491551853596
183455,SNIbc,0.10698644320170085,26.969774146572718,11.74850076309291,46.93304993767594,0.9565283887687781,4.585862071333046,99.99987599256188,36.793742031824436,763.7752305986014,2.4345283211373947,0.4024219982931611,1.0000000000097666,1.2170712250277687,19.043145943620413,762.1482676776735,32.19577598096999,0.9071703831165114,3.5934281364741243,99.99999999999999,22.0185286111955,760.3517969402798,14.810456588322305,3.6255989377039908e-31,5.641954922092147,13.461964090633025,25.99621268100555,764.0793276467815,11.440615643670894,1.256704248207529e-20,5.617283252806889,22.58972244247048,45.157872688410194,232.10268883774202,27.040814339079578,5.941155067809088e-11,58.287579413206885,29.396388941537804
282827,TDE,0.015173554420471191,57.206592844908336,767.0442701510823,49.25334767282232,7.342919686196914e-16,3.722556124478294,48.2938751234924,109.82482959132695,801.3502155900547,4.844204947976574,0.2920715456245522,6.490959413950145,79.12640235050796,47.881275034685366,790.8547226652498,42.28784081825896,1.9536387290475563e-20,4.776535597714185,72.11258259859336,43.240561331461386,791.7147287398965,37.0742260778557,9.373951867305225e-20,6.490126806083034,86.08700616044057,36.908294953628506,789.6874466689022,40.82315949547454,1.7002926685018963e-11,6.625517170322927,99.99999999993598,39.670267573471975,796.3872647925906,36.091829721679055,1.4765153741069904e-26,13.146466636765336,40.43789875084404
39345,SNII,0.2504951556523641,0.7436843627486136,745.7860386833906,1.0618003793403334,3.578016459688414e-18,14.38747058218115,3.1558892011149577,7.570112117016661,160.2107696639527,49.99999999575307,0.1016327950102977,43.90816842704179,14.3665647463809,10.886573753841507,644.893193467151,48.99044317703666,0.020991534270881285,67.85268825322964,90.94390432899043,11.834064713671173,763.5895340654732,1.0000005800412513,0.06831426248630347,23.93716736923514,99.99999999999673,18.266097781287407,653.6078419577007,47.20185372018767,0.0182842229315021,60.32639528620266,96.69284810864337,9.620381200000002,154.42643544612966,13.653817588028431,0.06476045478570445,99.9989053668107,9.214068097449863
216667,AGN,0.03172961870829264,33.93645419260582,790.0493253952162,1.0000000018473525,0.2572109327166802,9.88532493315198,18.13229362697278,36.25073799028543,820.6969621974843,1.0003602918284864,4.883193993386947e-36,13.604317731054447,20.34349942740708,23.702552148515824,832.1813339330496,1.0000000253521615,0.15405008780239873,9.350511731047334,22.071459534867305,28.859452662964248,812.5387609860268,19.811558740583422,0.569684297162622,5.960420353565112,27.788524458582984,11.883677038625597,803.4804577738287,16.660180128650246,6.227408455053006e-12,1.9506995056831953,52.798024039617204,70.46832907710791,706.8363894344917,5.079051441337328,2.070836717276808e-13,46.07532898068594,3.1969371989313347
273648,AGN,0.00031256675720214844,,,,,,,,,,,,,,,,,,,,,,,,,,,,,,,,,,,,
137128,SLSN-I,0.12156458695729573,2.090020634423408,6.511013181209441,46.91791233074879,0.3285806348803994,1.0000000000000002,37.03450900806208,68.42950852421112,0.43818904113283463,6.780612519795836,0.5847992371634455,1.0000000588254259,29.783170877543327,110.16298197476131,-11.639209154642694,6.888492990961188,3.006476476513413e-35,34.132719288148884,35.48189841708328,80.08683338352724,-30.15667854855393,34.98171984687238,5.0290247179691426e-11,22.314339084411255,47.61408938150291,401.90491088476307,-19.364874860711307,1.0000001204912743,0.6652196885061954,3.0928881844763274,64.1195409632595,205.62775632249844,-3.1218392912236532,1.0000842043538354,5.957882370572692e-29,38.230954594632195,57.98098086989842
97508,SNIa-91bg,0.036480983098347984,8.994307212869376,484.57606916436714,7.936681393398133,0.999689964699217,11.558156961147132,9.650256299779898,24.28977612013726,731.8680523035157,7.012095482841599,0.8530784197752315,1.0000011768040198,47.084890977843315,13.434213434585534,110.19545065888859,4.2960397522128035,0.4871427740582413,1.000000000000033,77.92416935540612,25.30908549878117,114.65234614695399,1.000004152410097,6.33192302552661e-12,6.248023545230045,16.945876825223447,43.93574546987107,118.73355358273787,15.26853136375097,0.6658871989565301,4.415631540248617,81.8158334753316,34.72001032663803,111.3381283676527,33.777369091055114,0.6841542165897034,2.6391248582119364,5.521819780933063
284917,SNIa,0.08884954452514648,80.71484967306675,91.162532750927,14.656188930003346,1.574746083414323e-15,1.896266682968076,3.93807126480961,16.390658720682104,131.39601509385795,23.871037185532852,0.00017280582937466627,1.0000000000000002,99.99999999999999,26.80678219727065,131.9105088449598,49.999999999322085,4.0242870321446545e-12,1.075928437423623,99.99999999999999,80.27940999999576,133.1144522860359,49.99999999999999,2.838699601221445e-18,1.0000000000103098,66.73211260550241,55.59286998994017,133.11623846031685,49.99999999999301,1.1305146814731092e-13,1.0000000000001423,60.919137910372406,6.619661001454575,389.38343622253706,49.85700557090513,1.1026169345063233e-36,50.82772801375101,99.98785415966606
334423,TDE,0.17943787574768066,39.328604792791715,319.3016000156063,1.0000000053660867,0.5620926101376621,28.518529308035347,99.99999999999768,5.540722875518448,270.81672959489856,29.775212824823143,5.970817591330086e-11,61.62036355878285,43.51675069388105,2.7259790600006872,721.0229001078947,12.796075642978073,7.931937849064051e-26,1.2307388186033517,32.41131618549473,7.476525747236067,412.7943626256402,3.770090196343269,1.4001264109673819e-36,1.0000001323395358,4.093498633174824,21.502196318239804,467.6942516284489,2.4840384918002467,0.9074989586252767,1.0000000000000002,17.308677009617497,51.59168796857622,480.8495789809398,7.3835457343321655,2.898014891941542e-07,1.0000331226621717,4.020284035816354
279758,SNIa-91bg,0.15396316846211752,2.7572780896077167,667.1653938625309,32.708650413797486,0.11756644803134368,99.99935553623708,3.588993160997949,1.8806078751143094,65.23481790904201,49.99999989904431,0.5412949126854686,1.0000000000000102,99.99999999999999,0.8465160014221109,443.9134796671584,5.187933008059339,0.9001713397823435,70.3827505568828,99.99999999725611,12.114317751101757,387.42256426536414,10.655661786972916,2.4083470704323745e-34,1.2146960060905347,18.085243060645734,22.288295856354075,390.03783837045927,8.981240729290098,1.2947618103002952e-30,1.1914738354024528,21.63802566623191,34.833370055368455,387.6519029052513,8.410398044644655,1.5189188941406558e-35,1.2195386808871704,22.220647892984914
252323,AGN,0.04267378648122152,32.499909457269204,730.3978163109354,1.0000000003351797,7.748767706479753e-31,71.13447101764844,99.99999999999773,26.570096039655397,731.1822567333206,9.55870499324941,2.5981970706391845e-31,54.7167069381018,99.99997254768714,29.721533314273522,739.0837887911114,1.0002299615243848,2.861680994658884e-38,80.24831241040597,99.99999999999999,20.45759465540982,785.6755935681127,1.0000000000104485,0.05395323737011611,27.085671224082073,99.99999999999999,40.62545779040202,752.0281732084486,1.000002788972011,2.0072808411388608e-21,79.08708800300668,99.99999999999437,35.23148642906127,745.1818444680468,3.1731236789561197,0.21285473823300194,34.12052644985085,99.99926380416062
259237,SNII,0.0600212017695109,0.7531755056825998,256.18751694074155,3.7793856229373093,2.303021217645918e-26,20.785658423495654,3.2315952147516884,7.452722374599942,643.1263372320853,49.992029309821596,0.00617300044678254,66.63164239317966,12.42929274210107,6.007566925095212,36.441757479960074,49.97076410220098,0.7775948552882141,99.99999952287195,10.195690490372609,35.361887160088116,4.474470292737671,9.995301802251909,0.6593520989277756,4.0186083519176945,33.05372471693277,90.23363999006503,5.14714131988551,9.2888454010258,0.8362263220526526,1.8840765473866201,35.18907106489926,37.37562566742252,-80.73837702580222,21.823782180919995,0.03124933268386623,1.7885789997608503,70.51192962913775
241897,SNIax,0.03531364599863688,0.9959164,706.1008966002915,4.776077006043833,0.02291701782110585,99.989570270419,3.4062412280052436,21.841573466993353,112.40296959308354,4.316038383753053,0.909166940418397,1.2145764741065974,28.364217529585574,6.009228085348348,811.2276173520847,49.82175269035811,0.7213430163712637,8.170469354683123,5.266305544253851,16.49827849425788,819.8431632677047,37.33182349579687,0.8781675877205147,8.248308434058389,90.64680614959073,9.966707114894838,809.6247393688433,49.9999999997768,0.09037774863753627,1.5026805166899786,9.281772440471139,6.461332915664031,598.91380698065,1.683550692805413,0.08300617461480037,3.2816925927584464,6.7784725426804595
183631,AGN,0.02933963139851888,28.903802031147062,-0.4338275303558524,18.325216239324515,8.047168799848732e-10,4.560564626430351,18.197279706011823,27.244007237236886,64.02052139798874,1.0000038975960537,0.016309228523092252,32.64048467200951,23.06705627191288,24.638949947022336,60.047926445576174,1.0000000613215092,2.5130227995516695e-14,66.18651999386545,31.083283269267426,28.645364602217235,57.683398522567806,1.000000065683139,7.037079389708365e-11,37.63734324649523,24.559919679605162,30.38279754098489,61.87076500174704,1.0000000567152518,3.099267648823119e-15,61.413176634166604,22.78080364260317,11.310880931613823,94.47459008079262,1.0000000000002893,0.21503776093052637,27.097475812417326,99.99999999999999
205360,SNIbc,0.07848020394643147,23.684191945035668,574.1685575028683,49.999995685345496,1.4145500034029531e-08,39.60590112077005,19.09179127148931,1.6870408000000003,735.3325076978215,21.37351489602436,0.3110255572387449,99.99999992022273,97.92078218028249,24.575415921153677,55.05510413750112,9.932946152021655,6.603619860665608e-13,5.67665119738147,13.201557137496145,56.99870501414197,63.08903614777909,22.89196444110952,0.8502813969646874,6.111022741454481,48.98388732814443,32.96126137406517,51.934978639228554,10.98543412068759,1.3506487485148629e-10,5.542121826782784,32.930669721381435,20.705496725498,46.723327371523595,36.80139515288279,1.7022293477952186e-10,1.0000000005030238,30.53984350208799
258289,SNIax,0.09480969111124675,4.84411463412297,2.8185288495535703,1.0000000000000002,0.7448382783668435,1.0000000000000002,97.23525412589598,37.373524999984404,198.23435936781513,49.999999999681016,1.5312143186151697e-13,30.442378980481248,50.64765907778936,17.066007649388396,361.20640675872676,17.096530480186992,2.8427321564874063e-11,4.417405628294422,13.483508269199985,16.664179661345244,359.89672664837116,22.50466568588614,6.545866074419046e-10,1.9160250262301193,28.864691198659802,26.606193226657183,377.81730024227414,1.000000010774713,2.1668633826513972e-21,88.83108986198145,47.681673937470684,32.56775874627722,323.0127024927496,47.79434638172416,0.05647226945586831,96.16565864556982,39.59146009823101
187406,SNIa,0.02741539478302002,3.177262452997869,801.2445817541342,49.98201856691897,1.072745749617212e-27,1.0642876971951167,3.663421806733885,10.468083079875742,62.68444784964622,24.33855736813749,0.38860015889790706,1.0000000000008937,21.186661861433624,41.84183664325021,81.82370820681842,29.84997363779957,0.8064305630829903,4.740816030013742,30.99216734582476,50.881622388301565,79.15101620277484,33.262065134548074,0.38769924104528775,5.575076113090897,67.90627745682782,65.42219261672825,89.14932469829627,21.53359190253455,0.56503239469853,7.403061694018803,76.60875343538414,44.33672984626958,77.28433719099189,38.250964985871626,0.6248314532184014,1.000000024925545,5.495463329156133
335653,SLSN-I,0.05471948782602946,22.741966858834274,67.7229118025805,1.0000001286871774,0.43441786641557467,9.237412839253851,99.99999999999999,53.233749144218585,111.11848035181126,49.99999999972499,5.4589358514345525e-11,6.1869517386712385,45.09559499398824,46.90628229890986,109.24612692400267,37.3095571838306,8.372296197287397e-11,5.611478252155444,3.989075634220351,62.96225289559879,111.87690859207534,29.685127300777783,5.74052902327224e-10,7.5245330786477655,4.356011622510605,89.51468782173316,115.85736876497994,22.39845045889195,6.29223579096e-23,7.26657655001787,65.44474509624654,36.19887256394762,143.48538737777278,1.000000000000609,0.9999999999995889,8.572253510674413,17.25417978902181
87995,SNIbc,0.06836529572804768,22.51620190176561,408.78714129995507,32.76858448505099,0.7984155839794983,7.686906464968446,4.157498752404413,25.069026630575017,456.54867184015933,22.50111319517394,4.709903539779775e-10,2.383137073534602,4.450886930249187,45.35327973773715,457.7344041863924,49.999999999676604,6.499849906756572e-10,2.254738086306248,3.829806617623167,46.25145728213429,457.7680319720056,27.739389679341212,2.495871029311752e-13,2.3603824651317136,4.056966904032755,170.16279507110573,474.24200452207793,11.975741085553349,0.9999999560285195,4.8907124420367385,19.098583456100457,114.57459449337875,134.94743152102166,2.1798342739764003,1.1562389991275316e-08,1.0000000000000002,99.99999999999999
182066,SNIbc,0.09126583735148112,24.932158221198605,332.5365722835924,49.98826810577505,0.6643359569536913,44.08618383994198,2.961310566031439,20.724204999989393,501.49262683186623,49.99999999999871,3.462734808579694e-14,7.835814551306981,50.52888380795756,9.674259661239367,485.0991312804282,49.99502035259851,4.683474774698781e-36,2.73135525781895,68.85126186150735,5.025391460258519,114.97056069904912,49.99999995174686,9.465584500498876e-13,14.25083322931862,99.99999999999999,4.5137868021708245,102.34376272765324,49.99999996687154,3.873352084233646e-13,1.0000013984487155,99.99999797405654,50.332858877891965,370.7166442601749,1.000138868060761,0.32462982706459315,1.0000211062734359,1.7532622223496284
254224,SNIa,0.09860010941823323,16.757707538151468,533.4380962323629,2.3058849088222657,0.0008575772439519375,38.218641714003596,3.1333758831831173,88.17517531894428,142.3191082104946,37.95517952655527,0.1839256230639053,1.582278938598495,99.99999999999999,153.77895969142395,487.04331255906476,16.6493076704405,1.160883498079799e-11,3.12244456520769,53.30541373602111,140.20940765425905,487.6633900268464,16.26825898139066,8.897375792426538e-14,3.4882281703623277,44.48306247577135,120.355492587923,169.75575173574651,36.42406039259949,0.2475698995436101,6.690497312323127,99.99999999999997,86.3373918873617,270.65042273082196,39.001556290378524,0.4768397165858027,41.085482383396865,92.24467006376634
106269,SLSN-I,0.07259202003479004,18.523023241192522,629.78231146553,49.99988203477235,0.2268867083250755,58.098949448896725,56.536916880202185,5.992151549759837,145.97839674908928,49.86830755022729,4.701348718619035e-32,24.427809758546385,99.99999999999999,85.47652999999998,734.1278297411604,5.522110906654534,0.8052530486921213,43.54917826422417,99.99999999999999,118.41176999999172,720.955971658138,1.0000000000000004,0.7411560833083655,32.72251773028064,99.99999999999999,131.69460499997172,713.6172827162696,1.0000000000000024,0.6953555167788102,32.271022452252886,99.99999999999999,110.42233762206821,330.4383613263664,26.791310254176345,1.6407580436131417e-29,53.69072207864767,3.123652040818944
307959,SNII,0.02966165542602539,44.73681999987647,68.33218673603346,49.99999999999995,2.2087964686240364e-11,2.418271452789927,35.068628793469195,24.48690906423652,47.34586101289315,1.0000000003075724,0.3924813885865922,3.444885970002112,10.88615370417128,9.349384952582303,32.66059803048786,49.99999999899661,0.571390388338721,1.0000000163513827,8.64792802551056,9.192885074383327,32.329992403029735,35.979125615169465,0.5074966066180479,1.0000000000703386,17.237944446611394,13.813717101883903,734.3089739175322,1.9550375115804857,0.39584194779070464,1.0093799455965533,1.649653833146916,9.206739523819431,781.6793535152694,24.47363320597156,0.022466994837313074,99.96987649219213,3.9078837774111768
323530,SNIbc,0.07308252652486165,3.0743845096039055,277.3965792741513,40.21439699308226,0.999999999999996,1.627084494333322,2.3074446809452307,24.339257522014123,401.1159068940315,1.0000000054482376,0.7400398997554988,5.3915902045346416,38.61677558446895,19.380527242839143,435.4198428766966,11.608866869491395,0.5545062175479937,2.7972578243726947,9.719719110574804,19.253376079061294,431.2653926448018,12.321321282372628,4.490655908265501e-37,2.776993488494253,9.073134875086156,28.24241217196421,433.03281079562873,17.5594402673652,0.32312231269044345,2.7018831651375623,8.404076637985463,11.06248657134425,248.3042743157144,4.71775885724662,0.05388905026587924,1.004398304333268,99.99999845814833
175174,SLSN-I,0.034207701683044434,5.471462121492293,-0.5208773614408848,1.0000069464115031,0.3200888785912047,1.0000000000000056,1.0429474934073888,0.884848352647001,211.46308669062583,24.37387275274559,0.2957932254538565,1.3042052234918593,99.99999851174941,8.199975420603396,834.5931777281464,10.041690555718047,5.6410438570462534e-36,65.93914889486537,4.000035727607156,16.762886418043905,845.7662000000054,49.99999999999999,1.4672264617909192e-19,47.43531731671059,99.99999999999011,8.332501639586146,788.6685414098654,49.99999999999242,2.6747322603630273e-13,20.721828699428066,99.99999999950552,20.98436432344119,799.8341790125068,49.99988920916777,0.4859939141350799,2.0262312559251847,5.819221445403268
298031,SNIa-91bg,0.06371545791625977,4.043615644116293,54.76568839871833,7.309665290427693,0.9999999999995343,1.0000018691378174,89.0165632697541,38.76211353854761,361.18757656050843,1.3017677171844921,0.5834165134364467,25.189124367480733,21.18073087354556,29.211909014457877,372.30843982379855,4.716354924730409,2.4205771523075897e-09,1.0000000000001665,10.688717830881123,81.24964250792188,383.81736639287294,16.855376995437876,0.8782690627631154,4.531595036950986,53.48827463297255,48.597309687317654,371.26625084702346,18.974135523858298,2.5533438021201203e-12,1.0000000000000002,20.924952416169578,72.41136033158342,377.43088237609953,7.468888376773435,3.481280628702277e-09,4.638268558227241,19.261425401562988
82833,TDE,0.09409050146738689,28.318411335131085,0.8532802036175049,1.0000000004069034,0.42912756180666706,1.2581062768964733,47.17752619838362,14.814585495517285,38.986338307832355,1.000000000076029,0.08530336756730553,11.871388015593292,41.33464518384222,11.04383424667936,70.87988256174702,1.0000005411099724,0.0768365330771121,18.728486760646152,34.21628018856911,8.466217873823776,47.61307664537981,49.99840387594277,0.4586032992261358,23.006884005821004,26.973940456313375,121.90363144667315,718.968313744736,1.0000000000033995,0.675533578696715,3.9701580065083353,8.030842799068084,38.18631328287689,703.0799328452395,7.653576897090727,1.9819905018230028e-20,26.324304529573485,3.046465736875965
16519,SNIa,0.1387021541595459,4.377822296371123,693.6130871723898,49.99999999937003,2.7201965354454244e-11,52.33794008494122,53.233282558157065,1.7275963385030122,677.4014352374942,1.0002658064764613,0.015893932248841818,99.99999999999999,99.99999999999999,17.628012269134835,303.9458231753646,49.9796862289471,0.4834569240934787,52.92990541738193,18.244049700251153,23.35043427464267,308.3276457210035,47.50649086716864,7.224670373682338e-35,4.594004182538637,26.72237436366888,63.349111920767875,352.1628150142125,1.0008315462373458,5.315949782211404e-26,20.52124143886541,17.984015335106402,18.623210738442854,366.3116629739822,20.68946297898763,0.0654087758613794,1.005909460067874,24.667457903713437
295582,SNIa-91bg,0.16863314310709634,4.461841207635746,282.8227742890795,26.009569449186323,6.31305481820284e-11,64.91183174532068,16.86377924728439,16.643519967764114,353.86191856935875,1.0000000003282465,0.9399164098004184,26.040328629982127,99.99999999998157,1.9120114872814766,10.815280453263009,23.335080226393664,0.2135464388356512,1.0000002973951367,3.9560393623260164,8.350802586600487,750.8218421727722,12.17892488598007,5.970813092073787e-18,1.8984902540587067,18.672605480456575,17.670802941803625,745.4302637249365,19.057865756812195,0.04175410265770061,1.000007620268378,19.74242887432601,25.70814269380271,749.328078020423,8.660204080805745,6.808637866165423e-37,1.0722144211591664,29.98132991968743
148637,SNIa-91bg,0.03288916746775309,1.4365846000000002,268.03608980798555,1.109347309263688,0.002640067479372353,96.70176584227451,3.4123797431460274,6.6204324388302105,120.92850637375747,25.778254324392183,1.4309508183698285e-07,2.186896994336055,4.177208547667991,52.660786461871716,125.99308169749477,16.957709898897562,0.8334468006527552,2.7563107798043753,99.99999999998873,58.16953851233261,124.08851349914178,49.99999999999999,4.597805500828248e-10,2.686990117779789,57.798824378477214,89.08438286888968,125.8806012760878,47.432909226259696,0.9118697080780943,3.0359450110173745,11.865234364331057,139.11287163863645,129.9290172976933,16.734116654945435,0.9999981449253097,3.3962999128299924,14.483260706708597
332651,SLSN-I,0.2146479288736979,1.7877567914528159,690.2677747680365,45.91272986427446,0.25193194515355144,99.37774226145311,3.197379558693394,21.23766186966573,734.3271726253543,1.0002821631666736,7.865500504613102e-38,11.920235935527709,13.482609016778271,76.84849742168939,727.3710548787678,1.0000000000001394,0.2994760364334223,25.997614176899347,17.39678735963976,106.10571999999998,726.3056106561677,2.5529735222555865,0.42302739817578394,25.298160906481822,22.28973176456734,55.81920417579325,677.2159829109885,49.66879714384229,0.007831736309432662,52.25805676506064,31.94481599029528,46.30025377670497,634.5638713051645,43.75981985474358,6.378140887546829e-11,66.73253688286242,86.51420141723925
212132,AGN,0.028931021690368652,21.285087242808306,709.1163804320797,35.58969515000913,0.9999999999971658,1.0000000000000002,4.772146807839171,18.82512538858394,6.350821545938036,1.0006051327100327,0.1321017996460585,9.57876705086588,22.417909170364766,21.91832580198473,7.667605240894492,1.0000000005955165,0.3890004518488026,3.873861392536248,22.55536630846231,24.428687784919624,8.838400382440128,1.0000000064319092,0.4119067782492433,3.6212507967436105,20.647103928644764,13.559754916840609,600.5197595959455,19.091760448353703,0.20133982880235132,6.3137813623482515,5.686484929503875,7.038906382352588,82.44530919117386,20.17270933677109,0.07102002009853955,47.660941441760976,3.192743147852905
139334,SNIa,0.07284446557362874,20.349836863718366,803.2104778658597,13.542898071569644,4.673341985261018e-37,1.0000000000000002,3.218023516514196,17.844126934499485,6.515821362643119,15.70138405347196,5.520678022067395e-06,1.0000000065644508,21.186189909156965,60.037373511225155,11.708463972236624,18.34892781338967,2.0828821267458387e-13,3.2206406861505763,19.596876184859415,79.3119386341246,9.198641851180813,14.626630306517193,2.696457548559647e-09,2.3443157632721983,26.540639528364196,87.2608591762772,36.82098007251928,1.0000000000692726,0.2889151508831419,6.851316789507311,34.50052387968574,98.2273395753755,26.520999197629383,10.637656927179235,2.5003882094289926e-10,8.141837164067045,19.825441083503
247064,AGN,0.16133558750152588,6.944507109048856,83.21904537763784,1.0000000288838622,0.4275429943518649,1.0000047401352854,30.44637797150908,38.97660852624057,8.075308595819946,1.0000000604485748,0.4196632754954457,2.6678937053913936,5.490054531518352,32.702297456854474,-0.24851455026343117,1.0000488304612236,0.9999999999999999,12.001691672698938,86.72998040505507,35.79161418772981,-0.7336522736023146,1.0000613616010652,0.5172138319329279,82.94050563019806,4.41782309999165,36.32158399725969,1.102170131360759,8.517181732291219,0.9999999999999999,3.046312056422328,6.937917107450977,21.040311608604014,194.9187737412912,41.7905765112613,0.0917941891481583,16.62233711044604,26.67648489094161
109590,SNIa,0.034052530924479164,9.985533092423708,619.1889311712583,47.8607846965935,3.1597743270983366e-14,53.15188626707095,7.333805774399282,13.605134377641626,-21.862259515481362,11.885468764148298,2.612676811949305e-05,1.000019675668598,9.093739315755169,33.8693905811255,-10.834421398931061,18.88224682480807,0.7387903111231796,1.0000000000000002,86.04823654117418,40.850321053888756,-2.296281823769984,10.841295767722505,0.44469821732804443,1.000000598739715,54.10620638708988,42.819757615577714,-13.439693005353899,10.402773011860628,4.564628119329734e-09,1.1088424707239992,41.557969245180416,40.33929339352878,-30.941778753940525,27.060207204755635,3.4238012047477927e-06,1.8830968557196905,38.9129562076824
160306,AGN,0.030904610951741535,0.9303892791171569,634.9737534797241,4.704587664954252,8.331926187379452e-23,10.301532896997555,3.461801773673559,0.5479462032902539,678.395324525103,2.9669557994830154,5.551744415906584e-26,11.861791708832463,3.5937292604698117,2.3251576940727414,105.23656172981309,22.05503742074874,0.706319868958967,1.0000000000000013,26.80326612256009,9.23024378386692,110.89246816545386,12.708981079166051,0.9977105979389655,1.00000008256626,17.366724816178518,21.56383524865894,132.0618543938008,27.56185738354102,1.3443618470883543e-12,7.875591644892976,4.475138609170818,12.237335553805215,121.61369400887723,27.101146119458683,7.096814355774493e-05,4.656766007928796,10.154870398915241
260003,SNIa-91bg,0.058947086334228516,18.304241922857692,116.77300063414901,1.0000000000000064,0.48179382575550717,1.0000000000000038,33.43824292550438,0.9266844329441889,673.3888604565317,10.413014497509979,6.503359197779278e-18,13.344936751514481,3.1536510954844825,10.37377960139183,800.9326378048468,47.39605126608472,0.9999999998801191,1.000000006610166,99.99999999283938,15.119801980542453,809.1174845939605,20.577645021349593,5.334001379519175e-13,1.6276308790217402,9.858912430277048,33.49519196050118,811.8197240544644,23.540332082458118,6.3429284782393676e-15,2.9333365559779128,7.233929692074998,399.7256115278152,344.73041149374956,17.63926871862348,0.8500341546641754,1.382886563280887,3.0046349319372667
146937,AGN,0.0023794968922932944,,,,,,,,,,,,,,,,,,,,,,,,,,,,,,,38.270640442450066,655.52243199704,4.89516784928964,2.465276919309025e-21,10.150183217135075,3.1825532330711583
43961,SNIa-91bg,0.03102378050486247,15.665399499548696,6.8795889508692065,20.72284691667978,0.89190314755549,1.0000000000000002,27.439205945558648,2.5984051361405527,632.225765685633,1.000915762077798,0.11025952550362494,1.1995259233916844,99.94984235686555,3.721927063074496,139.9313908055525,49.99999999545607,2.095602958033508e-13,6.643678066121505,99.99999999999999,11.373812960487344,145.91913188646296,49.20099262210661,1.4330892506976419e-09,5.608217243471453,99.99999999999999,16.306668380986185,472.1503493864504,22.167107828244625,0.2627060788676706,7.693060794376699,3.4557913507008995,23.79971213822904,470.8472014316051,23.648751511366804,0.13517902528679218,4.145879001927955,5.887280160344443
168597,AGN,0.0451964537302653,75.55982497868972,531.8682064189961,1.000000000000686,0.003929209451484748,99.99999999999999,99.99999999999999,38.138301254065084,654.1505539089137,1.0000089575280269,0.019517249531496604,99.99999999999999,99.99999999999999,40.83886910008093,628.2084248695078,1.0001058171116484,0.013683341662431885,99.99999999999999,99.99999999999999,46.03600836438692,627.7590272950363,1.000151111691705,0.013283257572667668,99.99999999999999,99.99999999999999,42.364041962102185,638.7973008856142,1.0000030314848993,0.015342951370466233,99.99999999999999,99.99999999999999,75.38414205506425,634.6549462312231,1.0002075087778628,0.012666316073633896,99.99999999999999,99.99999999999999
301123,SNIbc,0.03033924102783203,1.3100169433159081,250.25840638233245,12.509763347224302,0.04145467791334955,6.441456667687494,4.977328857856884,6.379610715547172,803.9818313575512,13.790962011334658,2.282944834987253e-12,1.0000000002400073,4.82345640369637,17.48615179160165,805.03314817874,11.406765273051494,7.339303248142598e-11,1.4831155223223762,15.763773170631369,63.65413102258081,811.3448086686336,1.0000000000000044,0.29816775426385744,1.4836540496932318,16.787685883973037,27.861921639621148,807.3330188383784,21.67532134540511,6.847948876929052e-28,1.9616213335246164,24.615713865928285,31.814784439091788,807.8593572971774,6.024454032622239,8.405347217616984e-10,1.9893135012058625,52.974708051711026
206976,SLSN-I,0.08074446519215901,66.64802927545666,269.4153467172614,42.2621528233256,4.34573968509217e-07,1.6742244594847357,5.553765319875536,68.25539740189618,313.01506929163367,49.99992361291072,0.10773038463414504,6.205387522947339,16.97319251953807,125.15836477350072,311.0336237795022,49.99789544830354,0.0022016258419692396,1.3077187069637006,26.04414338893096,238.01854847621496,327.11350622973316,44.329982146789646,0.4965363305773626,1.3700590285996062,31.455822537014978,194.2525348845924,345.27373117270747,31.485404917307907,0.37434012595568333,1.000249229024593,39.077679973412216,184.74949424719875,330.5627315104506,28.50390531811552,1.9426638545219243e-06,1.0194539436540822,45.615099218150554
79319,AGN,0.07993813355763753,7.462972413973186,55.92315903839473,30.62454366869894,0.4659544733991877,2.855159441136785,3.627627702883391,4.832967306290622,72.77667194568166,45.76523996381038,0.6980241837452682,1.0000000069999886,3.9643152037268723,4.847329745283945,78.06881048984829,49.999727579669056,0.9999999999999999,7.7717818577754985,22.080537852079406,3.992885779496555,72.2567053094676,48.24982339015636,0.7851347201619395,1.0000364089839453,4.065989905162995,2.3385131249859867,73.99276134347397,45.8531834182523,6.370736773363113e-14,1.0002928720385051,4.1355387570217355,21.46771004367351,76.48676712390365,18.372551790861284,0.9999999999999999,5.8148677889289955,3.242222806708316
311198,AGN,0.033409833908081055,17.33504329614121,697.737043570473,2.569806159337466,1.6454886851840692e-35,36.14147153025788,99.99952807300022,24.964116151065085,38.82803285203307,1.0000001459136008,2.5770192573050313e-20,22.407318308434203,10.186632448861943,12.828790375571447,725.8033005859736,44.263349259121135,1.823330427515571e-22,15.897946355025574,99.99997666827132,10.18398430088841,734.2504249545291,47.39538204574021,7.135757769772976e-08,2.0319397200735874,87.33232541720531,22.337478688793222,39.3868635611155,1.0022360720766799,0.005698439711492368,26.68286292571585,10.091665168272554,15.61802289325988,764.281172840206,49.1355386503184,0.5617478918849934,7.94305157201803,16.865352751425277
63067,TDE,0.034826080004374184,14.647209341713538,761.2009176246877,45.97247561464542,0.1400219478414214,1.0056664522575618,4.936453390014742,17.470033854578897,815.3041851561361,49.99999999999999,6.277970287279989e-13,7.380017426710239,99.99999999999999,14.199120449629092,819.5835384593946,42.47637195406606,9.307000901327963e-12,6.618211914571019,99.99999999999999,16.978661340919736,830.9899726335861,1.000000000118292,1.9913154226952579e-32,12.348327161701365,99.99999999999592,17.63983568919839,838.6076791656681,44.71002437827271,0.45328329375639104,17.045253951810416,5.543047008695637,8.49844317008254,293.1673383309252,22.513639010349294,0.2063737866853859,1.149307419549419,99.999999920579
145752,SNII,0.17270390192667642,4.453262683951482,618.1222076847863,49.6418543492955,0.006425350931971543,56.237842092910654,17.619889907265417,26.917914881378806,116.66156015454906,7.333353702932805,0.8295089296761331,1.752176854223203,35.136706962874406,4.921869153910444,110.29074389603936,21.22474357867945,0.3493453107454944,1.000050563130812,99.99999999999994,7.875207289847721,154.348130389889,21.488470380171513,1.2824411471169664e-12,40.5970503074752,48.14607526082675,3.924857000000013,717.4421341777479,1.0245057416497843,0.003163477183949021,99.99969268734182,13.221194578525084,20.221768758714234,727.589714941406,1.0001717452510883,5.020455448053418e-18,80.52408095758481,6.682316789983248
226349,TDE,0.025147159894307453,13.382626228617802,704.6874504561695,49.99999999993889,0.37102136833751,1.0000000000000002,46.163614381728394,16.95043037328163,744.9291945775808,49.99999999999999,7.908290770141248e-23,3.078725960729558,74.32609117058904,16.914375844375613,747.1672022087811,48.638282778827154,2.2289640120722636e-22,6.626659230681537,78.74293948547555,18.627249477100268,745.9765498361893,49.9999984235595,0.17131251678899814,13.987311665539178,80.48892281415007,16.10552744275109,753.8108699877782,49.99998620705298,0.03514480777750029,8.603222450346808,44.13510965729736,23.451148562966925,759.1029185328687,49.99791412937608,0.11113459023071016,34.27847522415846,23.680341349367307
127669,TDE,0.11319514115651448,13.56926816433447,429.3446580333194,1.0013954969022258,1.7631988821669105e-05,69.98716518489402,28.856954019503586,10.687191048624474,383.3248487148244,32.16600653241345,4.658218449603556e-25,7.204044767603091,99.99969393323525,9.098415545182796,383.46792032240137,47.13107387045494,4.893015995630397e-17,6.383256875563703,63.18887932330436,7.059607518954483,382.2315828155184,43.771411892044085,8.784900523517104e-13,3.2165646134880137,99.99999957142943,15.843657095335786,15.996880844524883,1.0000030012665908,0.9716333167635954,1.7322385033517664,1.0000000000003562,16.122203757256607,516.5866569398436,18.10512402921847,8.915535579714643e-11,84.19396155780323,15.014240413041058
124483,SNIa,0.1605854034423828,13.995373895954211,13.708871599835575,8.637306236929044,0.9169333045387259,1.0000000135140266,1.000000064460821,43.788224999635354,360.3817064583908,1.0000000000000013,0.5309563118042114,1.0000000110045502,12.608136000488356,1.4499060777914052,348.4706927560934,1.0385425373615516,0.07302325684121781,63.19283446794253,99.99999999999989,64.05645056642612,727.3867824833864,1.0000000000000007,0.43767743658036434,3.437027480214573,18.132831650739554,86.0921149548849,674.345207472517,49.99969012268623,0.40194013154553404,36.98098944004096,19.12341500333896,34.27240131397986,620.7089168802701,48.51586491724714,9.528649687433055e-11,99.98025607672729,87.0280272884784
100415,SNIa-91bg,0.028116901715596516,0.8804679101156689,601.5552697617952,10.926309702065714,9.13652517991753e-18,12.815490339558172,3.476763062104395,0.6063022193873606,642.2050914237129,13.440200164454863,0.09554375384569008,99.99999973704956,4.443520138958275,1.4560113845783864,99.54757115269082,49.99999999991105,0.2583318143385018,2.239957067879426,99.99999999999982,2.8693702840784874,100.99002186633462,39.054093006900466,1.4069119328098514e-19,1.000000125290886,4.1923152580103755,3.7146742242532085,677.8892919619018,3.8890185858285657,3.378363694053806e-13,15.870411540213073,3.1572221351003265,80.57696534820437,667.1902838868181,5.981776825569855,2.506478825918142e-19,14.225632491969234,3.1411653166831317
309433,SNIax,0.03791113694508871,1.0698819577292964,606.8315635960349,4.265734547335739,0.03745066516538272,99.68699336081934,3.1533862010643325,6.790458338348566,687.8268382967469,49.452660685300124,3.381454080523202e-05,1.4981139265971701,25.27914318647511,8.684926479559586,688.6265854097295,49.18843404999264,3.0304734327329717e-05,1.3688394641768955,71.4934328677666,41.17898716442642,641.9280230409709,47.37563413385528,0.0004254940727293751,4.435267166651017,59.70113818430479,93.33940384687914,579.6839838642977,49.99999987317409,1.806476879641849e-11,23.100978099122226,63.650745025828186,69.10355536132808,665.2976774075518,46.200042252609,0.009973000585654418,1.9920978641387128,36.20199831010127
260177,SNIa,0.036385416984558105,5.697541876472486,104.05123823705698,32.865461817178996,0.9999966581248525,2.0665812576884286,16.82087292961391,4.884061358793878,135.54043434984104,22.591034687591208,0.0007764210670945129,1.0000029936259165,9.857027767535067,9.190590955744497,-9.387044492493063,18.184447926670657,0.8060788965745155,1.0000000101285356,16.047106089343817,29.28105287894376,2.5710590449388895,1.0000001082061112,0.4072883433105854,1.8044362359056685,25.516421089563085,69.32498614639962,3.4406193625879724,8.995720411199665,0.6541612994686858,1.355170082528919,27.069615903628303,20.873363137773392,-0.26909284505437864,10.503515186042662,1.2010509480171595e-11,1.2693615385849408,26.867494165434398
295703,SNII,0.04021048545837402,1.9878686973027435,212.41092707696916,25.759956494982696,0.4055637754805133,1.0567573849377059,96.33007437811392,35.17946499999962,18.591409669123845,7.684424048033897,0.7844431271693175,1.0649906807572551,13.650941719693092,15.225367016666793,17.295383565341833,15.97054565482333,0.7836179038896893,1.0000000000000002,21.29167730978888,2.112414142506129,0.2616989832179438,31.397138430677032,4.149318678988702e-28,14.435512911863583,99.99974322962223,10.059576711262231,37.271215477019254,7.077181175227104,0.617168286189603,10.16968493779073,99.99999999999999,49.47229101551069,56.1746308882605,4.389140850872835,0.9227172992076215,2.7488812352082466,99.9999999999997
39152,SLSN-I,0.10289529959360759,2.7074093726666675,700.8634606998517,33.83029664694133,9.892219841949663e-12,38.72694902408435,34.048115219362494,2.345843517273745,445.27753017532626,1.000000000554996,0.36301657176433755,8.699090690882063,85.44233288131801,4.372649434076561,440.24767004362417,49.99994866885486,0.23469712747930455,11.931555669202192,34.13773248640524,11.91313568208242,459.6049144015991,22.67497754422425,3.448887336222209e-20,22.026738064683734,84.66129952244658,14.311978474227766,443.48888947246706,49.99999999999999,4.778081079211101e-23,11.76963580787452,99.99999999999999,18.420438825534134,450.767729589085,40.953083724672524,8.382179613117443e-22,9.487212133833966,95.47273920431563
168034,SLSN-I,0.0507281223932902,15.175133029605316,91.43447930587362,1.0000760215473428,0.041091861985490384,29.773930167051876,53.584446679276425,56.70098100242327,63.70180033199277,49.99999999846836,0.2955349585030366,23.40172835018967,64.01509726419202,140.5678048094135,75.36912005130824,49.999996166024516,0.3168922534828655,25.078412360517685,73.51283739245098,226.51526577373662,77.38562998514327,49.99999999878376,0.24620729922875365,25.573598884038805,88.57377162657643,289.7961653860366,78.79279703053415,49.99999999989555,0.20855206348431682,25.719849078051148,99.99999999999999,433.94666214838054,135.3359664788716,1.000000172875511,0.02290876374086132,31.469653828588985,99.99999999999999
6369,SNIax,0.10501297314961751,1.920197270901867,738.4268852446618,1.0648076832284983,0.021252986617933664,99.99999999999999,99.99999999999794,8.560139288467326,104.62884983992268,1.0000000196829688,0.8883370590638473,1.9130269140589846,10.308864517864068,9.999062116577889,97.74075578455235,26.88585823495078,0.36856649358352067,1.8580847653405816,8.094775286961053,12.818904277968777,99.11505024620779,20.05551438636619,2.1578061785947055e-12,2.716876341686071,18.02701529050359,14.816967653287834,135.70763717168538,3.7803243891987797,0.9999998584916211,10.835463040818658,33.471778456782566,22.468128018471685,106.78028899644494,33.520802211776065,0.8511086053954768,1.927024868981268,5.6086024331856805
49733,AGN,0.04443359375,8.099582584539052,137.70445428728627,27.23602345159197,0.0006699190792624554,15.502700077107212,3.0058141565082592,11.92465119492875,62.86807208495638,2.1301133950280318,0.9999999999999999,1.000000000355046,9.979936102445214,6.092053989422546,63.74407508753718,1.2874339109294761,0.9999999999999999,1.0000758947106196,18.31782582620679,4.530351110517896,104.24885626090109,19.889556467706225,0.9999999994424509,2.4232812935828467,1.9576111491658699,1.427823355298602,-166.6859289703753,3.6280882478209175,0.7593556984004044,13.240744221505752,8.155467037412548,3.184157146293586,-249.6819148590193,9.750984368361344,0.9642969040994406,3.0518764656191153,1.8377861969246965
72934,AGN,0.20739074548085532,49.703892556593814,627.4554908991198,49.999999995491734,0.2964206685216882,98.15403500190854,93.76100832081421,53.720382101771456,736.6248163315171,1.0000083088375846,0.31822078852982694,43.41950185880388,99.99999999999991,35.37399854795727,736.8679366582566,1.000001912220553,0.16110183234594866,51.53349915578047,99.99999999999999,52.82714579374503,736.7814854938678,1.0000000468054524,0.3469971936344388,42.386158765350906,99.99999999999999,40.13692483786608,737.9001810292015,1.0004758889740621,0.05529630626507235,66.71547586987612,99.99999998436054,51.164932444691225,743.0249742102158,1.0000242813758564,0.013711812780568714,99.9991244146968,99.99999999999999
303743,SNII,0.07366029421488444,33.60603296698927,12.774549246226513,4.695324554623235,0.3884522214768195,2.037658548298898,1.5939514592886734,4.5918633558505375,83.44226634217112,19.499222584727946,0.9246921490580423,1.0000000000000002,51.05849094454999,8.402347628805314,86.1599728903557,19.274197930123588,0.7855048430841359,1.1794110842670296,99.99999999997875,7.079193642877074,85.36496022513472,1.0000000000005111,6.271144454715866e-18,1.0000000000036466,27.319738813112128,13.70621466410487,89.96074538734975,2.2205499857891864,0.6259000733835933,1.0000000000000002,79.34300125587247,57.937844032511435,-220.28919578840248,36.1107115746806,0.00022804131565950044,1.5907896977888516,82.44913645041557
194090,SNII,0.0666884183883667,2.2657696412241033,89.04484180596137,31.15436212100425,0.9999999999996484,1.0000000359056773,3.222579636791044,107.5307649999907,417.33806976120746,2.975878825521873,0.5914164549307344,1.7863794399078612,10.604473545488904,25.714388333002653,416.0828214431811,27.5607947018909,0.7046583202933459,2.8387885337435073,7.3864753347695835,12.772010277115937,413.3934575102948,49.99999950412376,0.5654556351754805,1.0000000000000002,71.59325043602023,23.828845184816963,429.08702452737185,3.3768619695439295,0.41160306834531957,4.888397039709916,58.61241038062074,17.262720628090857,475.89188773018725,1.010308923107244,0.09215066852667139,17.02497465471689,46.204153396882504
163658,SNIa-91bg,0.01964267094930013,1.101791623349828,717.2975312410326,44.09434492114487,0.015055838845950086,66.4286466676872,3.3056342712193643,7.198957339140857,46.4644078785508,32.687903832660304,0.8927859397984433,1.0000009035511905,99.99999984295759,13.334117393908333,52.91530307300774,17.59890164415003,7.499471429291344e-09,4.587037702079118,17.989710208690653,47.874897052280005,60.00289026193022,9.660190342525963,1.8591600354318295e-11,5.0745652261582155,19.340636682989103,61.022313120154884,59.127996101816045,13.862803889660274,8.5379048937463e-12,2.2456760598757595,19.031918997023908,100.96749504777092,61.11174340656913,15.6068354302702,0.3020885830636801,1.1548962483639302,18.757123600301195
201455,TDE,0.03340999285380045,11.049649122565365,150.80208864423668,48.78464749940305,8.320521092244851e-05,13.132576818059068,99.99999994380197,3.6460465690444663,490.55317683780777,1.000000076780731,0.9999999993132804,9.478192072231211,3.1631354787426518,4.426281267864714,439.46294859496555,49.99965261186692,0.30519669736477484,7.51512301206421,5.216125332617896,7.513281885179478,453.86438461415685,29.344280588562295,1.3922554619639972e-12,11.875372087228396,4.049057126376745,1.3458776511411417,189.80228959670552,24.49957107094347,0.9999999999913107,3.154611344103028,39.336044415701245,52.42954948777043,491.4864364572358,22.598196670541313,0.0015005859278027956,1.000000000000409,3.3184381258829747
174520,SNII,0.07416963577270508,19.29911319522752,468.04900990941655,17.463229754564384,0.9025886348981956,1.0000000000013676,99.99999999999999,21.615553809701442,357.60557911115615,1.0000000019918378,0.8481583020948731,28.56684063985077,99.99999999999999,54.71396220736971,465.9748095288779,10.83804037278247,0.7494218631835203,1.8198403617416663,74.9455493508543,10.26727535763901,107.8586768496796,1.607882094750874,1.7069767848039528e-15,1.0000000000000002,99.99999999999999,2.249063496932034,211.8633031051467,23.297180302938234,0.07085379187481221,1.0398427532794132,99.99999999661522,5.102821500673515,23.913193229797724,49.73672581144064,3.479089042913204e-21,1.0001738318774402,5.227127601982649
